7692.09478455	750	4.0	4.85511762365	450283	4855.11762365	-20.1270057817
7693.59199665	300	6.50278789899	0.0	155580	1497.21210101	-0.15
7694.87930163	300	9.21548291415	0.0	139857	1287.30498484	0.3
7696.09862729	300	11.9961572553	0.0	155432	1219.32565882	0.3
7697.25616399	300	14.8386205595	0.0	163442	1157.53669582	0.3
7698.1605624	300	17.9342221507	0.0	126289	904.398408794	0.3
7699.17677722	300	20.9180073227	0.0	153295	1016.21482803	0.3
7700.1146276	300	23.980156947	0.0	173849	937.85037564	0.3
7701.2220393	300	26.8727452424	0.0	150710	1107.41170461	0.3
7702.19942426	300	29.8953602861	0.0	139105	977.384956318	0.3
7703.07193082	300	33.0228537251	0.0	141840	872.506560975	0.3
7704.02660232	300	36.0681822295	0.0	156148	954.6714956	0.3
7705.06773149	300	39.0270530526	0.0	160746	1041.12917692	0.3
7706.34650568	300	41.7482788627	0.0	179801	1278.77418988	0.3
7707.57131169	300	44.523472861	0.0	140051	1224.80600174	0.3
7708.70956886	300	47.3852156869	0.0	138313	1138.25717412	0.3
7709.6284358	300	50.466348748	0.0	143509	918.866938899	0.3
7710.53590709	300	53.5588774564	0.0	150616	907.471291606	0.3
7711.39695411	300	56.6978304383	0.0	165384	861.047018039	0.3
7712.27602193	300	59.5019400366	0.0	140881	695.890401682	0.3
7726.24094587	4300	49.5370160926	0.0	2039773	13964.923944	0.3
7743.04488291	4300	36.7330790475	0.0	2176469	16803.9370451	4.3
7758.02962547	4300	25.7483364908	0.0	2221506	14984.7425567	4.3
7775.4886138	4300	12.2893481589	0.0	2044075	17458.9883319	4.3
7776.47052487	300	15.3074370905	0.0	146754	981.911068422	-3.7
7777.49512675	300	18.2828352073	0.0	153938	1024.60188321	0.3
7778.48127796	300	21.296684005	0.0	181901	986.151202267	0.3
7779.25183794	300	24.5261240202	0.0	111155	770.559984752	0.3
7780.29488634	300	27.4830756201	0.0	153605	1043.04840011	0.3
7781.21419267	300	30.5637692935	0.0	149029	919.306326638	0.3
7782.11950547	300	33.6584564951	0.0	157421	905.312798439	0.3
7782.98518176	300	36.7927802014	0.0	157488	865.676293659	0.3
7783.87157612	300	39.9063858403	0.0	143881	886.394361121	0.3
7784.87308736	300	42.9048746041	0.0	163444	1001.51123613	0.3
7785.97239536	300	45.8055665995	0.0	179328	1099.30800463	0.3
7787.01741992	300	48.7605420401	0.0	159914	1045.02455938	0.3
7787.90913018	300	51.8688317822	0.0	131610	891.7102579	0.3
7788.73514163	300	55.0428203354	0.0	124011	826.011446848	0.3
7789.72015751	300	58.0578044508	0.0	144254	985.015884561	0.3
7790.86009606	300	59.9764917022	0.0	149991	1081.31274865	0.3
7793.3477925	300	59.8419563829	0.0	147968	1134.53531923	0.3
7797.17922367	300	59.912821385	0.0	161857	1429.13499795	0.3
7801.40517655	300	59.6868685053	0.0	145210	2225.95287968	0.3
7803.67616526	300	59.5804986341	0.0	172312	1606.36987118	0.3
7807.39890258	300	59.8577613163	0.0	167025	2722.73731788	0.3
7811.04166925	300	59.8550561007	0.0	160064	2502.70521551	0.3
7812.84158344	300	59.6851296621	0.0	137507	1169.92643861	0.3
7837.98449746	4300	38.5422156462	0.0	2155012	25142.9140159	0.3

