6102.42237789	750	4.0	2.288238812	450283	2288.238812	-9.08942689161
6103.54107992	300	6.88129796323	0.0	155580	1118.70203677	-0.15
6104.56721675	300	9.85516114132	0.0	139857	1026.13682191	0.3
6105.57121927	300	12.8511586137	0.0	155432	1004.0025276	0.3
6106.59415781	300	15.8282200785	0.0	163442	1022.93853522	0.3
6107.51991664	300	18.9024612494	0.0	126289	925.758829084	0.3
6108.29773972	300	22.1246381715	0.0	153295	777.823077879	0.3
6109.03070821	300	25.3916696726	0.0	173849	732.968498887	0.3
6109.63215057	300	28.7902273193	0.0	150710	601.442353398	0.3
6110.20904613	300	32.213331755	0.0	139105	576.895564254	0.3
6110.90317223	300	35.519205658	0.0	141840	694.126096968	0.3
6111.6610676	300	38.7613102841	0.0	156148	757.895373922	0.3
6112.44586594	300	41.9765119434	0.0	160746	784.798340717	0.3
6113.32641985	300	45.0959580329	0.0	179801	880.553910515	0.3
6114.03294526	300	48.3894326299	0.0	140051	706.525402999	0.3
6114.72300327	300	51.6993746208	0.0	138313	690.058009057	0.3
6115.35986178	300	55.0625161024	0.0	143509	636.858518447	0.3
6115.97048035	300	58.4518975334	0.0	150616	610.618568971	0.3
6125.45964306	4300	52.9627348222	0.0	2220726	9489.1627112	0.3
6136.07448553	4300	46.3478923532	0.0	2156729	10614.842469	4.3
6144.88152874	4300	41.5408491425	0.0	2039773	8807.04321075	4.3
6154.33554898	4300	36.0868289106	0.0	2176469	9454.02023188	4.3
6162.61035585	4300	31.8120220355	0.0	2221506	8274.8068751	4.3
6172.14276005	4300	26.2796178369	0.0	2044075	9532.40419863	4.3
6182.51886929	4300	19.9035085933	0.0	2186790	10376.1092435	4.3
6193.29727958	4300	13.1250983022	0.0	2105231	10778.4102912	4.3
6194.30855594	300	16.1138219439	0.0	181901	1011.27635832	-3.7
6194.86715578	300	19.5552221026	0.0	111155	558.599841216	0.3
6195.5545034	300	22.8678744854	0.0	153605	687.347617241	0.3
6196.2461705	300	26.17620739	0.0	149029	691.667095366	0.3
6197.04506233	300	29.3773155607	0.0	157421	798.891829332	0.3
6197.8527804	300	32.5695974844	0.0	157488	807.718076327	0.3
6198.49675177	300	35.9256261171	0.0	143881	643.971367312	0.3
6199.15903314	300	39.2633447447	0.0	163444	662.281372368	0.3
6199.93958966	300	42.4827882264	0.0	179328	780.556518245	0.3
6200.60776172	300	45.8146161646	0.0	159914	668.172061865	0.3
6201.11278086	300	49.3095970302	0.0	131610	505.019134417	0.3
6201.66495568	300	52.7574222071	0.0	124011	552.17482307	0.3
6202.32568149	300	56.0966964005	0.0	144254	660.725806637	0.3
6202.92858613	300	59.493791754	0.0	149991	602.904646466	0.3
6210.72454046	4300	55.6978374292	0.0	2108491	7795.95432481	0.3
6223.65513257	4300	46.7672453186	0.0	2184571	12930.5921106	4.3
6232.96071659	4300	41.4616612946	0.0	2121928	9305.58402397	4.3
6241.97941162	4300	36.4429662634	0.0	2219102	9018.6950312	4.3
6250.18408305	4300	32.2382948333	0.0	2124950	8204.67143018	4.3
6261.34915865	4300	25.0732192358	0.0	2246506	11165.0755974	4.3
6268.93932647	4300	21.4830514123	0.0	1961140	7590.16782351	4.3
6279.73784635	4300	14.6845315366	0.0	2155012	10798.5198757	4.3

