10540.3933833	750	4.0	1.96028285391	450283	1960.28285391	-7.67921627181
10541.3512386	300	7.04214473472	0.0	155580	957.855265281	-0.15
10542.1538794	300	10.2395038831	0.0	139857	802.640851625	0.3
10542.9566166	300	13.4367667464	0.0	155432	802.737136684	0.3
10543.7234763	300	16.6699070063	0.0	163442	766.85974013	0.3
10544.3409433	300	20.0524399851	0.0	126289	617.467021211	0.3
10545.0114964	300	23.381886882	0.0	153295	670.553103027	0.3
10545.6869032	300	26.7064801105	0.0	173849	675.406771503	0.3
10546.2761101	300	30.1172732124	0.0	150710	589.206898131	0.3
10546.8362162	300	33.5571670684	0.0	139105	560.106143971	0.3
10547.6165343	300	36.7768490191	0.0	141840	780.318049374	0.3
10548.3739016	300	40.0194817115	0.0	156148	757.367307545	0.3
10549.1236212	300	43.2697620815	0.0	160746	749.719630029	0.3
10549.9864689	300	46.4069143603	0.0	179801	862.847721195	0.3
10550.6990558	300	49.6943275015	0.0	140051	712.586858809	0.3
10551.5141757	300	52.8792076006	0.0	138313	815.119900916	0.3
10552.4666813	300	55.9267019603	0.0	143509	952.505640299	0.3
10553.3470966	300	59.0462867322	0.0	150616	880.415228035	0.3
10554.5007466	300	59.7814597768	0.0	165384	764.826955428	0.3
10568.857261	4300	49.4249453969	0.0	2156729	14356.5143799	0.3
10586.084454	4300	36.1977523746	0.0	2039773	17227.1930223	4.3
10597.3479772	4300	28.9342292371	0.0	2176469	11263.5231375	4.3
10608.4712265	4300	21.8109799352	0.0	2221506	11123.2493018	4.3
10618.1789805	4300	16.1032259492	0.0	2044075	9707.75398608	4.3
10629.5862237	4300	8.69598274046	0.0	2186790	11407.2432087	4.3
10631.7532146	750	10.5289918171	0.0	379700	2166.99092339	-2.8
10632.8796479	300	13.4025585116	0.0	181901	1126.43330546	-0.15
10633.5398308	300	16.7423756081	0.0	111155	660.182903473	0.3
10634.4212386	300	19.8609677583	0.0	153605	881.407849851	0.3
10635.1570197	300	23.1251866816	0.0	149029	735.781076669	0.3
10635.9070423	300	26.3751640741	0.0	157421	750.022607474	0.3
10636.5417091	300	29.7404973078	0.0	157488	634.666766316	0.3
10637.0666523	300	33.2155541488	0.0	143881	524.943159051	0.3
10637.6626609	300	36.619545456	0.0	163444	596.008692746	0.3
10638.4992537	300	39.7829526573	0.0	179328	836.592798677	0.3
10639.3214967	300	42.9607097373	0.0	159914	822.242920077	0.3
10639.8905574	300	46.3916490327	0.0	131610	569.060704571	0.3
10640.3525549	300	49.9296514622	0.0	124011	461.99757049	0.3
10640.8416068	300	53.4405995746	0.0	144254	489.051887582	0.3
10641.5129786	300	56.7692277774	0.0	149991	671.371797226	0.3
10648.6215676	4300	53.660638781	0.0	2108491	7108.58899639	0.3
10657.0686459	4300	49.2135604901	0.0	2184571	8447.07829092	4.3
10661.394021	4300	48.8881854291	0.0	2121928	4325.37506097	4.3
10667.3146521	4300	46.9675543321	0.0	2219102	5920.63109704	4.3
10673.4127245	4300	44.8694818912	0.0	2124950	6098.07244082	4.3
10678.954893	4300	43.3273134403	0.0	2246506	5542.16845091	4.3
10683.9930606	4300	42.2891457853	0.0	1961140	5038.16765501	4.3
10688.4328751	4300	41.8493312735	0.0	2155012	4439.81451186	4.3

