19987.7180796	750	4.0	4.83814400777	450283	4838.14400777	-20.0540192334
19989.3089189	300	6.40916067379	0.0	155580	1590.83932621	-0.15
19990.5122732	300	9.2058064153	0.0	139857	1203.3542585	0.3
19991.7687315	300	11.9493480632	0.0	155432	1256.45835211	0.3
19993.0918708	300	14.6262087599	0.0	163442	1323.13930325	0.3
19994.1885874	300	17.5294921596	0.0	126289	1096.71660034	0.3
19995.5004707	300	20.2176088908	0.0	153295	1311.88326878	0.3
19996.8530747	300	22.8650048644	0.0	173849	1352.60402642	0.3
19998.0398275	300	25.6782520983	0.0	150710	1186.75276607	0.3
19999.0774762	300	28.6406034357	0.0	139105	1037.64866266	0.3
20000.2306868	300	31.4873928084	0.0	141840	1153.21062731	0.3
20001.8098157	300	33.9082638637	0.0	156148	1579.12894463	0.3
20003.2458472	300	36.4722324117	0.0	160746	1436.031452	0.3
20004.4848777	300	39.2332019214	0.0	179801	1239.03049033	0.3
20005.5370205	300	42.1810590652	0.0	140051	1052.14285615	0.3
20006.498809	300	45.2192706229	0.0	138313	961.78844231	0.3
20007.4321334	300	48.2859461619	0.0	143509	933.324460995	0.3
20008.4550019	300	51.2630777121	0.0	150616	1022.8684498	0.3
20009.9285136	300	53.7895660317	0.0	165384	1473.51168041	0.3
20011.3266653	300	56.3914142935	0.0	140881	1398.15173822	0.3
20012.5268871	300	59.1911924879	0.0	157671	1200.22180562	0.3
20013.8907077	300	59.832757946	0.0	157812	1358.43454193	0.3
20015.7447886	300	59.953410535	0.0	163927	879.347410996	0.3
20024.2992395	4300	55.3989597186	0.0	2044075	8554.45081635	0.3
20033.874395	4300	49.8238041784	0.0	2186790	9575.15554021	4.3
20041.7114828	4300	45.9867164262	0.0	2105231	7837.08775216	4.3
20058.950187	4300	32.7480121818	0.0	2395588	17238.7042445	4.3
20071.4564669	4300	24.2417323105	0.0	1972048	12506.2798713	4.3
20084.6313164	4300	15.0668827537	0.0	2134614	13174.8495568	4.3
20085.5264216	750	18.1717775962	0.0	400508	895.105157529	-2.8
20089.8364731	4300	17.8617260652	0.0	2113193	4310.05153105	0.75
20093.8816818	4300	17.8165174033	0.0	2147852	4045.20866182	4.3
20099.1765269	4300	16.5216723277	0.0	2191074	5294.84507567	4.3
20104.1156472	4300	15.582551971	0.0	2286761	4939.12035669	4.3
20104.5339667	300	19.1642324662	0.0	179328	418.319504788	-3.7
20104.9165482	300	22.7816510251	0.0	159914	382.581441058	0.3
20105.2422249	300	26.4559742861	0.0	131610	325.676739003	0.3
20105.5498091	300	30.1483900818	0.0	124011	307.58420431	0.3
20105.8940658	300	33.8041333899	0.0	144254	344.256691974	0.3
20106.2532184	300	37.444980737	0.0	149991	359.15265286	0.3
20106.6301712	300	41.0680280002	0.0	147968	376.952736802	0.3
20107.0389469	300	44.6592523253	0.0	161857	408.7756749	0.3
20107.410675	300	48.2875242234	0.0	145210	371.72810187	0.3
20107.8272422	300	51.8709570157	0.0	172312	416.567207739	0.3
20113.1392533	4300	50.5589459287	0.0	2124950	5312.01108698	0.3
20122.0747539	4300	45.6234453175	0.0	2246506	8935.5006112	4.3
20130.6583226	4300	41.0398765431	0.0	1961140	8583.56877444	4.3
20141.8203485	4300	33.8778506609	0.0	2155012	11162.0258822	4.3

