18928.804275	750	4.0	5.43953076254	450283	5439.53076254	-22.6399822789
18931.1979019	300	5.60637313207	0.0	155580	2393.62686793	-0.15
18933.3695279	300	7.43474709976	0.0	139857	2171.62603231	0.3
18936.3240279	300	8.4802471196	0.0	155432	2954.49998017	0.3
18938.6938412	300	10.1104337785	0.0	163442	2369.81334113	0.3
18939.7099628	300	13.0943122043	0.0	126289	1016.12157415	0.3
18940.7852298	300	16.0190452544	0.0	153295	1075.26694994	0.3
18941.9428971	300	18.8613779675	0.0	173849	1157.66728687	0.3
18943.0693663	300	21.7349087676	0.0	150710	1126.46919993	0.3
18944.1577779	300	24.6464970954	0.0	139105	1088.41167215	0.3
18945.1511119	300	27.6531630914	0.0	141840	993.334004049	0.3
18946.297169	300	30.5071060518	0.0	156148	1146.05703961	0.3
18947.450864	300	33.3534109865	0.0	160746	1153.69506523	0.3
18948.7095641	300	36.0947109531	0.0	179801	1258.70003345	0.3
18949.8541636	300	38.9501113742	0.0	140051	1144.5995789	0.3
18951.1786827	300	41.6255923189	0.0	138313	1324.51905524	0.3
18951.9851938	300	44.8190812633	0.0	143509	806.511055617	0.3
18953.1647723	300	47.6395027412	0.0	150616	1179.57852215	0.3
18954.9282678	300	49.8760072115	0.0	165384	1763.49552965	0.3
18957.0283478	300	51.7759272691	0.0	140881	2100.07994243	0.3
18958.7446032	300	54.0596718481	0.0	157671	1716.25542097	0.3
18959.9874225	300	56.8168525724	0.0	157812	1242.81927572	0.3
18961.3340918	300	59.4701831978	0.0	163927	1346.66937462	0.3
18983.6905436	4300	41.1137314299	0.0	2044075	22356.4517679	0.3
18999.6448154	4300	29.1594596283	0.0	2186790	15954.2718016	4.3
19016.6456444	4300	16.1586305924	0.0	2105231	17000.8290359	4.3
19017.9131428	300	18.8911322071	0.0	181901	1267.49838537	-3.7
19018.7091129	300	22.0951621516	0.0	111155	795.970055463	0.3
19019.6011464	300	25.2031286023	0.0	153605	892.033549256	0.3
19020.8609523	300	27.9433226852	0.0	149029	1259.80591715	0.3
19022.6125373	300	30.1917377373	0.0	157421	1751.58494792	0.3
19024.7335606	300	32.0707144227	0.0	157488	2121.0233146	0.3
19026.9567422	300	33.8475328446	0.0	143881	2223.18157806	0.3
19029.4334716	300	35.3708034431	0.0	163444	2476.72940154	0.3
19032.7951968	300	36.009078191	0.0	179328	3361.72525202	0.3
19035.1262029	300	37.6780721102	0.0	159914	2331.00608081	0.3
19036.3574018	300	40.4468731747	0.0	131610	1231.19893558	0.3
19037.2821793	300	43.5220957247	0.0	124011	924.777449969	0.3
19038.216358	300	46.5879170479	0.0	144254	934.178676789	0.3
19039.2960737	300	49.5082013696	0.0	149991	1079.71567826	0.3
19040.4335031	300	52.370771943	0.0	147968	1137.42942662	0.3
19041.6179897	300	55.1862852932	0.0	161857	1184.48664986	0.3
19042.6475279	300	58.1567471597	0.0	145210	1029.53813346	0.3
19044.0477376	300	59.8680341959	0.0	172312	1288.71296379	0.3
19045.7818288	300	59.5967368612	0.0	167025	1271.29733469	0.3
19048.6370939	300	59.5155013725	0.0	160064	1581.2354887	0.3
19050.4371943	300	59.9074659031	0.0	137507	1608.03546941	0.3
19052.45967	300	59.8722604987	0.0	118421	1035.20540445	0.3

