13460.5292096	750	4.0	5.55806552946	450283	5558.06552946	-23.1496817767
13463.3369287	300	5.19228086815	0.0	155580	2807.71913185	-0.15
13464.7224611	300	7.80674853354	0.0	139857	1385.53233462	0.3
13466.2870058	300	10.242203846	0.0	155432	1564.54468752	0.3
13468.5137586	300	12.0154510374	0.0	163442	2226.75280861	0.3
13470.1878194	300	14.3413901793	0.0	126289	1674.06085805	0.3
13472.2561654	300	16.2730442616	0.0	153295	2068.34591774	0.3
13474.9752452	300	17.5539643681	0.0	173849	2719.07989353	0.3
13477.7464512	300	18.782758459	0.0	150710	2771.2059091	0.3
13479.8776406	300	20.6515690266	0.0	139105	2131.18943234	0.3
13481.1667941	300	23.3624155541	0.0	141840	1289.15347251	0.3
13482.3049862	300	26.2242233707	0.0	156148	1138.19218346	0.3
13483.3739595	300	29.1552501456	0.0	160746	1068.97322508	0.3
13484.7108455	300	31.8183640871	0.0	179801	1336.88605848	0.3
13485.8611628	300	34.6680468538	0.0	140051	1150.31723332	0.3
13486.9017533	300	37.6274563279	0.0	138313	1040.59052588	0.3
13488.0399335	300	40.4892760967	0.0	143509	1138.18023123	0.3
13489.2089404	300	43.3202692156	0.0	150616	1169.00688107	0.3
13490.4673015	300	46.0619080837	0.0	165384	1258.3611319	0.3
13491.4637034	300	49.0655061871	0.0	140881	996.401896584	0.3
13492.6175687	300	51.911640911	0.0	157671	1153.86527613	0.3
13493.8636258	300	54.6655838037	0.0	157812	1246.05710726	0.3
13495.0643775	300	57.4648321607	0.0	163927	1200.75164297	0.3
13496.1600353	300	59.5036199012	0.0	137654	961.212259532	0.3
13512.6849313	4300	46.9787239237	0.0	2186790	16524.8959775	0.3
13532.6247322	4300	31.0389229981	0.0	2105231	19939.8009256	4.3
13554.2904572	4300	13.3731980419	0.0	2395588	21665.7249562	4.3
13555.3630683	300	16.3005869218	0.0	111155	1072.61112011	-3.7
13556.942634	300	18.7210212241	0.0	153605	1579.56569772	0.3
13558.4775266	300	21.1861286336	0.0	149029	1534.89259051	0.3
13560.0943459	300	23.5693093132	0.0	157421	1616.81932034	0.3
13561.7118193	300	25.9518359068	0.0	157488	1617.47340648	0.3
13563.0797652	300	28.5838900443	0.0	143881	1367.94586243	0.3
13564.527964	300	31.1356912874	0.0	163444	1448.19875689	0.3
13566.1115159	300	33.5521393019	0.0	179328	1583.55198552	0.3
13567.7598873	300	35.9037679408	0.0	159914	1648.37136113	0.3
13569.3738412	300	38.2898140583	0.0	131610	1613.95388252	0.3
13570.8517159	300	40.8119393693	0.0	124011	1477.87468898	0.3
13572.5396861	300	43.1239691504	0.0	144254	1687.97021891	0.3
13574.4161767	300	45.2474785553	0.0	149991	1876.49059506	0.3
13577.0274668	300	46.6361884196	0.0	147968	2611.29013575	0.3
13579.5765027	300	48.0871525488	0.0	161857	2549.03587073	0.3
13582.5523444	300	49.1113108015	0.0	145210	2975.84174732	0.3
13585.5340578	300	50.1295974859	0.0	172312	2981.71331563	0.3
13587.6427025	300	52.0209527718	0.0	167025	2108.64471412	0.3
13589.2112177	300	54.4524374953	0.0	160064	1568.51527652	0.3
13590.591351	300	57.0723042163	0.0	137507	1380.13327891	0.3
13591.9124213	300	59.7512339931	0.0	118421	1321.07022326	0.3

