12653.7142072	750	4.0	4.59493440738	450283	4594.93440738	-19.0082179517
12654.6976699	300	7.01653728852	0.0	155580	983.462711484	-0.15
12655.8175041	300	9.89670307729	0.0	139857	1119.83421123	0.3
12657.0214677	300	12.6927395067	0.0	155432	1203.96357055	0.3
12658.5582434	300	15.1559638254	0.0	163442	1536.77568136	0.3
12660.7659378	300	16.9482693538	0.0	126289	2207.69447159	0.3
12662.6363937	300	19.0778135285	0.0	153295	1870.45582527	0.3
12663.8737358	300	21.8404713367	0.0	173849	1237.34219181	0.3
12665.2157791	300	24.4984280671	0.0	150710	1342.04326962	0.3
12666.818694	300	26.8955131697	0.0	139105	1602.91489741	0.3
12668.6521475	300	29.062059714	0.0	141840	1833.45345568	0.3
12670.819148	300	30.8950592299	0.0	156148	2167.00048414	0.3
12673.2422403	300	32.4719668419	0.0	160746	2423.09238792	0.3
12675.7124226	300	34.0017845708	0.0	179801	2470.18227114	0.3
12678.3598372	300	35.3543699586	0.0	140051	2647.41461217	0.3
12681.8508874	300	35.8633197387	0.0	138313	3491.05021991	0.3
12685.061341	300	36.6528661904	0.0	143509	3210.45354834	0.3
12687.6003382	300	38.1138689953	0.0	150616	2538.99719504	0.3
12689.4227481	300	40.2914590397	0.0	165384	1822.40995566	0.3
12690.6833205	300	43.0308866816	0.0	140881	1260.57235813	0.3
12692.0429176	300	45.6712895831	0.0	157671	1359.59709847	0.3
12693.3932413	300	48.3209658452	0.0	157812	1350.32373784	0.3
12694.8709012	300	50.8433060119	0.0	163927	1477.65983333	0.3
12696.1467878	300	53.5674193685	0.0	137654	1275.88664346	0.3
12697.484695	300	56.229512136	0.0	146754	1337.90723242	0.3
12699.1333606	300	58.580846612	0.0	153938	1648.66552405	0.3
12701.36812	300	59.870510827	0.0	181901	2210.33578497	0.3
12703.5997711	300	59.7168970737	0.0	111155	1653.6137533	0.3
12705.6679208	300	59.6918408978	0.0	153605	1525.05617593	0.3
12709.6600142	300	59.6997475862	0.0	149029	2492.09331159	0.3
12714.1471204	300	59.2126413576	0.0	157421	4487.10622862	0.3
12718.9837637	300	58.3759980822	0.0	157488	4836.64327532	0.3
12750.6464957	4300	30.7132660888	0.0	2191074	31662.7319935	0.3
12765.4435706	4300	19.9161911856	0.0	2286761	14797.0749031	4.3
12766.6611055	300	22.6986562137	0.0	179328	1217.53497191	-3.7
12767.7478537	300	25.611907999	0.0	159914	1086.7482147	0.3
12768.6751344	300	28.6846273589	0.0	131610	927.280640071	0.3
12769.5982278	300	31.7615339904	0.0	124011	923.093368572	0.3
12770.5783786	300	34.7813831682	0.0	144254	980.150822189	0.3
12771.5162434	300	37.8435183587	0.0	149991	937.864809448	0.3
12772.3209372	300	41.0388245717	0.0	147968	804.693787087	0.3
12773.1936543	300	44.1661074822	0.0	161857	872.717089483	0.3
12773.9996034	300	47.3601583526	0.0	145210	805.949129578	0.3
12774.969354	300	50.3904076974	0.0	172312	969.750655146	0.3
12775.9009221	300	53.4588396782	0.0	167025	931.568019251	0.3
12777.0940187	300	56.2657430148	0.0	160064	1193.09666341	0.3
12777.9885906	300	59.3711711876	0.0	137507	894.57182723	0.3
12792.2446165	4300	49.115145244	0.0	2155012	14256.0259435	0.3

