12344.1026037	750	4.0	1.43427681335	450283	1434.27681335	-5.41739029739
12344.6491393	300	7.45346433942	0.0	155580	546.535660582	-0.15
12345.1872345	300	10.9153691526	0.0	139857	538.095186832	0.3
12345.8135771	300	14.289026558	0.0	155432	626.342594557	0.3
12346.4932757	300	17.609327978	0.0	163442	679.698580048	0.3
12347.0947737	300	21.0078299915	0.0	126289	601.497986484	0.3
12347.7238137	300	24.3787899762	0.0	153295	629.040015278	0.3
12348.3300413	300	27.7725624247	0.0	173849	606.227551537	0.3
12348.8722443	300	31.2303593507	0.0	150710	542.203073939	0.3
12349.3641966	300	34.7384070758	0.0	139105	491.952274953	0.3
12349.8475473	300	38.2550563446	0.0	141840	483.350731235	0.3
12350.3850682	300	41.7175354743	0.0	156148	537.520870281	0.3
12351.0838336	300	45.0187700733	0.0	160746	698.76540094	0.3
12351.9244088	300	48.1781948451	0.0	179801	840.575228277	0.3
12352.5983773	300	51.5042264173	0.0	140051	673.968427781	0.3
12353.2347744	300	54.8678292522	0.0	138313	636.397165042	0.3
12353.8864425	300	58.216161202	0.0	143509	651.668050277	0.3
12355.3367309	300	59.8650746958	0.0	150616	851.086506179	0.3
12356.430257	300	59.5729126096	0.0	165384	792.162086183	0.3
12369.7049251	4300	50.2982444596	0.0	2156729	13274.66815	0.3
12379.3316591	4300	44.6715105422	0.0	2039773	9626.73391738	4.3
12390.7098063	4300	37.2933633204	0.0	2176469	11378.1472218	4.3
12405.5910636	4300	26.4121060113	0.0	2221506	14881.2573091	4.3
12426.6385093	4300	9.36466031059	0.0	2044075	21047.4457007	4.3
12429.071189	750	10.9319806277	0.0	359903	2432.67968285	-2.8
12429.931671	300	14.0714986077	0.0	153938	860.482019988	-0.15
12430.7165752	300	17.2865943757	0.0	181901	784.904232042	0.3
12431.1737982	300	20.8293714359	0.0	111155	457.222939809	0.3
12431.7527842	300	24.2503854077	0.0	153605	578.986028207	0.3
12432.2857287	300	27.717440885	0.0	149029	532.944522678	0.3
12432.8073621	300	31.1958074834	0.0	157421	521.633401609	0.3
12433.2973269	300	34.7058426813	0.0	157488	489.964802077	0.3
12433.749029	300	38.2541405949	0.0	143881	451.7020864	0.3
12434.2957909	300	41.7073786681	0.0	163444	546.761926853	0.3
12434.923165	300	45.0800046314	0.0	179328	627.374036693	0.3
12435.5406347	300	48.4625348836	0.0	159914	617.469747743	0.3
12436.1046693	300	51.8985002699	0.0	131610	564.03461375	0.3
12436.6393429	300	55.3638267149	0.0	124011	534.673554947	0.3
12437.2354203	300	58.7677493466	0.0	144254	596.077368348	0.3
12444.3041998	4300	55.6989698291	0.0	2146120	7068.77951746	0.3
12453.4605963	4300	50.5425732719	0.0	2108491	9156.39655728	4.3
12463.1876681	4300	44.8155015112	0.0	2184571	9727.07176066	4.3
12475.1716817	4300	36.83148789	0.0	2121928	11984.0136212	4.3
12484.0508818	4300	31.9522878062	0.0	2219102	8879.20008377	4.3
12492.9977879	4300	27.0053816815	0.0	2124950	8946.90612472	4.3
12509.0445172	4300	14.9586523845	0.0	2246506	16046.729297	4.3
12510.3697445	750	17.6334251171	0.0	331053	1325.22726736	-2.8
12510.8956553	300	21.1075142591	0.0	118421	525.910857995	-0.15

