20427.9710855	750	4.0	4.78292697288	450283	4782.92697288	-19.8165859834
20429.7163697	300	6.25471576386	0.0	155580	1745.28423614	-0.15
20431.6791169	300	8.29196864574	0.0	139857	1962.74711812	0.3
20433.8168764	300	10.1542090634	0.0	155432	2137.75958239	0.3
20435.6931728	300	12.2779127269	0.0	163442	1876.29633645	0.3
20436.8084982	300	15.1625872637	0.0	126289	1115.32546319	0.3
20437.9806364	300	17.9904491191	0.0	153295	1172.13814462	0.3
20439.4429097	300	20.5281757741	0.0	173849	1462.273345	0.3
20440.8842765	300	23.086809002	0.0	150710	1441.3667721	0.3
20442.1401577	300	25.8309277667	0.0	139105	1255.88123533	0.3
20443.3532964	300	28.6177890577	0.0	141840	1213.13870898	0.3
20445.0513277	300	30.9197577768	0.0	156148	1698.03128093	0.3
20446.3485273	300	33.6225581801	0.0	160746	1297.19959668	0.3
20447.8604412	300	36.1106442874	0.0	179801	1511.91389267	0.3
20449.5611632	300	38.4099222538	0.0	140051	1700.72203361	0.3
20451.9078961	300	40.0631893544	0.0	138313	2346.73289944	0.3
20454.7660426	300	41.2050429346	0.0	143509	2858.14641974	0.3
20457.3504801	300	42.6206053682	0.0	150616	2584.43756638	0.3
20459.2069555	300	44.7641300215	0.0	165384	1856.47534677	0.3
20460.3654433	300	47.6056422357	0.0	140881	1158.48778582	0.3
20461.5006803	300	50.4704051725	0.0	157671	1135.2370632	0.3
20462.7345323	300	53.2365531987	0.0	157812	1233.85197375	0.3
20463.9933574	300	55.9777281291	0.0	163927	1258.82506964	0.3
20465.1382439	300	58.8328416444	0.0	137654	1144.88648467	0.3
20484.5043251	4300	43.4667604172	0.0	2186790	19366.0812272	0.3
20509.0568623	4300	22.9142231851	0.0	2105231	24552.5372321	4.3
20511.5189625	300	24.4521229651	0.0	181901	2462.10022006	-3.7
20512.5704343	300	27.4006511795	0.0	111155	1051.47178561	0.3
20513.7955067	300	30.1755788052	0.0	153605	1225.07237426	0.3
20514.9293312	300	33.041754279	0.0	149029	1133.82452623	0.3
20516.2334417	300	35.7376437617	0.0	157421	1304.11051731	0.3
20517.7173721	300	38.2537134245	0.0	157488	1483.93033712	0.3
20519.1523255	300	40.8187599873	0.0	143881	1434.95343727	0.3
20520.7606359	300	43.2104495756	0.0	163444	1608.3104117	0.3
20522.3307222	300	45.64036332	0.0	179328	1570.08625559	0.3
20523.8578389	300	48.1132465928	0.0	159914	1527.11672723	0.3
20525.4728281	300	50.4982573847	0.0	131610	1614.98920807	0.3
20527.3014639	300	52.6696215545	0.0	124011	1828.63583019	0.3
20529.4065687	300	54.5645167856	0.0	144254	2105.10476887	0.3
20531.5896232	300	56.381462261	0.0	149991	2183.0545246	0.3
20533.9310558	300	58.040029733	0.0	147968	2341.43252802	0.3
20536.9621441	300	59.008941397	0.0	161857	3031.08833595	0.3
20540.3900565	300	59.5810290359	0.0	145210	3427.9123611	0.3
20545.3829319	300	58.5881536406	0.0	172312	4992.87539536	0.3
20549.3259574	300	58.6451281149	0.0	167025	3943.02552573	0.3
20552.6051304	300	59.3659551451	0.0	160064	3279.17296971	0.3
20571.1962252	4300	44.7748602817	0.0	1961140	18591.0948635	0.3
20583.4449643	4300	36.5261211777	0.0	2155012	12248.7391039	4.3

