19229.9088694	750	4.0	2.70395407418	450283	2703.95407418	-10.877002519
19230.7690962	300	7.13977312339	0.0	155580	860.226876615	-0.15
19231.5263928	300	10.3824765244	0.0	139857	757.296599025	0.3
19232.3256149	300	13.5832544551	0.0	155432	799.222069248	0.3
19233.1386626	300	16.7702067498	0.0	163442	813.047705303	0.3
19233.748583	300	20.1602863648	0.0	126289	609.920384987	0.3
19234.4600136	300	23.4488557852	0.0	153295	711.430579622	0.3
19235.2932156	300	26.6156537678	0.0	173849	833.202017413	0.3
19236.1230756	300	29.7857937388	0.0	150710	829.860029007	0.3
19237.0054279	300	32.9034414808	0.0	139105	882.352258027	0.3
19238.1644901	300	35.7443793027	0.0	141840	1159.06217809	0.3
19239.3976055	300	38.511263832	0.0	156148	1233.11547063	0.3
19240.9731894	300	40.9356799644	0.0	160746	1575.58386761	0.3
19242.6846178	300	43.2242515365	0.0	179801	1711.42842793	0.3
19243.6842639	300	46.2246054491	0.0	140051	999.646087443	0.3
19244.425894	300	49.4829753441	0.0	138313	741.630104905	0.3
19245.7463124	300	52.1625569735	0.0	143509	1320.41837064	0.3
19247.4877253	300	54.4211440278	0.0	150616	1741.41294574	0.3
19250.1874407	300	55.7214286635	0.0	165384	2699.71536429	0.3
19251.5953198	300	58.3135495205	0.0	140881	1407.87914297	0.3
19253.7679771	300	59.7224231599	0.0	157671	1091.12636057	0.3
19265.3418247	4300	52.1485755558	0.0	2176469	11573.8476041	0.3
19279.6114078	4300	41.8789924497	0.0	2221506	14269.5831061	4.3
19297.6094062	4300	27.8809940732	0.0	2044075	17997.9983765	4.3
19315.4238997	4300	14.0665005852	0.0	2186790	17814.493488	4.3
19316.4835174	300	17.0068828292	0.0	153938	1059.61775608	-3.7
19317.6463261	300	19.8440741312	0.0	181901	1162.80869792	0.3
19318.7543846	300	22.7360156046	0.0	111155	1108.05852666	0.3
19319.8163109	300	25.6740893032	0.0	153605	1061.92630136	0.3
19320.6102758	300	28.880124418	0.0	149029	793.964885194	0.3
19321.5053466	300	31.9850536565	0.0	157421	895.070761575	0.3
19322.5567479	300	34.9336523334	0.0	157488	1051.40132302	0.3
19323.3662072	300	38.1241930463	0.0	143881	809.459287087	0.3
19325.1057033	300	40.384696938	0.0	163444	1739.49610835	0.3
19326.459861	300	43.030539247	0.0	179328	1354.15769095	0.3
19327.4803011	300	46.0100991089	0.0	159914	1020.44013817	0.3
19328.3216522	300	49.1687480828	0.0	131610	841.351026081	0.3
19329.0785351	300	52.411865173	0.0	124011	756.88290981	0.3
19330.1456652	300	55.3447350701	0.0	144254	1067.13010289	0.3
19331.3535179	300	58.1368823559	0.0	149991	1207.85271415	0.3
19333.3256394	300	59.5343574588	0.0	147968	1102.52489714	0.3
19336.6380001	300	59.5679755333	0.0	161857	1966.38192547	0.3
19338.1015825	300	59.9491735695	0.0	145210	1118.80196382	0.3
19339.4255771	300	59.7345665729	0.0	172312	1214.60699661	0.3
19360.1938469	4300	42.9662967994	0.0	2124950	20768.2697735	0.3
19380.0205743	4300	27.1395694045	0.0	2246506	19826.7273949	4.3
19389.6716742	4300	21.4884694508	0.0	1961140	9651.09995371	4.3
19399.786736	4300	15.373407643	0.0	2155012	10115.0618077	4.3

