9610.11783797	750	4.0	2.79318520236	450283	2793.18520236	-11.2606963702
9610.75720063	300	7.36063734692	0.0	155580	639.362653083	-0.15
9611.32994189	300	10.7878960849	0.0	139857	572.741262057	0.3
9611.9481704	300	14.1696675741	0.0	155432	618.228510791	0.3
9612.58674967	300	17.5310882991	0.0	163442	638.579274954	0.3
9613.07699131	300	21.0408466602	0.0	126289	490.241638935	0.3
9613.58091812	300	24.5369198559	0.0	153295	503.926804329	0.3
9614.16847166	300	27.9493663151	0.0	173849	587.553540716	0.3
9614.74393534	300	31.3739026372	0.0	150710	575.463677903	0.3
9615.33130303	300	34.7865349457	0.0	139105	587.367691578	0.3
9615.99264807	300	38.1251899009	0.0	141840	661.34504478	0.3
9616.67885617	300	41.4389817975	0.0	156148	686.208103366	0.3
9617.36288706	300	44.7549509153	0.0	160746	684.030882233	0.3
9618.1394266	300	47.9784113757	0.0	179801	776.539539623	0.3
9618.79606036	300	51.3217776089	0.0	140051	656.633766774	0.3
9619.49221895	300	54.6256190197	0.0	138313	696.158589148	0.3
9620.22927517	300	57.8885627986	0.0	143509	737.056221178	0.3
9621.22036899	300	59.6503271895	0.0	150616	738.235609037	0.3
9635.01756548	4300	49.8531306914	0.0	2220726	13797.1964981	0.3
9654.41641022	4300	34.4542859558	0.0	2156729	19398.8447356	4.3
9664.74597545	4300	28.1247207299	0.0	2039773	10329.565226	4.3
9672.05008192	4300	24.8206142605	0.0	2176469	7304.10646939	4.3
9679.43636637	4300	21.4343298078	0.0	2221506	7386.28445266	4.3
9686.73574987	4300	18.1349463066	0.0	2044075	7299.38350123	4.3
9696.66526525	4300	12.2054309217	0.0	2186790	9929.51538488	4.3
9698.06274902	750	14.8079471579	0.0	379700	1397.48376381	-2.8
9698.76090531	300	18.1097908623	0.0	181901	698.15629562	-0.15
9699.21662301	300	21.6540731636	0.0	111155	455.717698647	0.3
9699.87733854	300	24.9933576394	0.0	153605	660.715524243	0.3
9700.60765419	300	28.2630419852	0.0	149029	730.315654122	0.3
9701.33590176	300	31.5347944157	0.0	157421	728.24756956	0.3
9702.05619241	300	34.8145037642	0.0	157488	720.290651482	0.3
9702.78130363	300	38.0893925503	0.0	143881	725.111213903	0.3
9703.54004981	300	41.3306463619	0.0	163444	758.746188401	0.3
9704.39338566	300	44.4773105201	0.0	179328	853.335841776	0.3
9705.23430156	300	47.6363946138	0.0	159914	840.915906362	0.3
9705.95738164	300	50.9133145322	0.0	131610	723.080081579	0.3
9706.64366091	300	54.2270352653	0.0	124011	686.279266887	0.3
9707.41707118	300	57.4536249977	0.0	144254	773.410267598	0.3
9708.26392782	300	59.5299768456	0.0	149991	423.648152067	0.3
9717.35334229	4300	54.4405623765	0.0	2108491	9089.41446911	0.3
9725.74600745	4300	50.0478972168	0.0	2184571	8392.66515977	4.3
9736.10761821	4300	43.686286459	0.0	2121928	10361.6107578	4.3
9743.18362356	4300	40.6102811051	0.0	2219102	7076.00535391	4.3
9749.78128926	4300	38.0126154059	0.0	2124950	6597.66569919	4.3
9759.88987748	4300	31.9040271862	0.0	2246506	10108.5882197	4.3
9770.60973807	4300	25.1841665993	0.0	1961140	10719.8605869	4.3
9776.98239932	4300	22.8115053452	0.0	2155012	6372.66125405	4.3

