1.46460676419	750	4.0	1.46460676419	450283	1464.60676419	-5.54780908601
1.99833870167	300	7.46626806252	0.0	155580	533.731937478	-0.15
2.48097212702	300	10.9836346372	0.0	139857	482.633425352	0.3
3.02338329395	300	14.4412234702	0.0	155432	542.411166928	0.3
3.61815561545	300	17.8464511487	0.0	163442	594.772321507	0.3
4.09976973258	300	21.3648370316	0.0	126289	481.614117129	0.3
4.71825446592	300	24.7463522983	0.0	153295	618.484733342	0.3
5.4335605406	300	28.0310462236	0.0	173849	715.306074677	0.3
6.04643351832	300	31.4181732459	0.0	150710	612.872977717	0.3
6.55731742355	300	34.9072893406	0.0	139105	510.883905236	0.3
7.05649468404	300	38.4081120801	0.0	141840	499.17726049	0.3
7.58751170424	300	41.8770950599	0.0	156148	531.017020198	0.3
8.14323678677	300	45.3213699774	0.0	160746	555.725082526	0.3
8.76802540448	300	48.6965813597	0.0	179801	624.788617709	0.3
9.30221887698	300	52.1623878872	0.0	140051	534.193472505	0.3
9.83691509755	300	55.6276916666	0.0	138313	534.696220567	0.3
17.2403540303	4300	52.2242527339	0.0	2289689	7403.43893277	0.3
24.3379533435	4300	49.1266534206	0.0	2059512	7097.59931323	4.3
33.4301890368	4300	44.0344177274	0.0	2220726	9092.23569327	4.3
44.3790565631	4300	37.0855502011	0.0	2156729	10948.8675262	4.3
53.2943844694	4300	32.1702222948	0.0	2039773	8915.32790636	4.3
62.4287075039	4300	27.0358992603	0.0	2176469	9134.32303445	4.3
71.4186552843	4300	22.0459514799	0.0	2221506	8989.94778039	4.3
78.9310842223	4300	18.5335225419	0.0	2044075	7512.42893803	4.3
87.0451295224	4300	14.4194772418	0.0	2186790	8114.04530006	4.3
87.6787067655	300	17.7858999986	0.0	153938	633.577243188	-3.7
88.4225914724	300	21.0420152918	0.0	181901	743.884706888	0.3
88.9060135196	300	24.5585932446	0.0	111155	483.422047179	0.3
89.5340421601	300	27.930564604	0.0	153605	628.02864054	0.3
90.1294849161	300	31.3351218481	0.0	149029	595.442755942	0.3
90.7773082135	300	34.6872985507	0.0	157421	647.823297412	0.3
91.4665038297	300	37.9981029344	0.0	157488	689.195616249	0.3
92.1486466377	300	41.3159601265	0.0	143881	682.14280798	0.3
92.9933328424	300	44.4712739218	0.0	163444	844.686204653	0.3
94.1039986335	300	47.3606081307	0.0	179328	1110.6657911	0.3
95.3694826652	300	50.095124099	0.0	159914	1265.48403167	0.3
96.4759443474	300	52.9886624168	0.0	131610	1106.4616822	0.3
97.4175545492	300	56.047052215	0.0	124011	941.610201823	0.3
98.4359987973	300	59.0286079669	0.0	144254	1018.44424809	0.3
99.4905073	300	59.5143530951	0.0	149991	1014.25487179	0.3
101.30838428	300	59.7055414252	0.0	147968	808.811669916	0.3
117.686003634	4300	47.3279220706	0.0	2184571	16377.6193546	0.3
131.96746239	4300	37.046463315	0.0	2121928	14281.4587556	4.3
145.574382983	4300	27.4395427218	0.0	2219102	13606.9205933	4.3
169.028351629	4300	7.98557407597	0.0	2124950	23453.9686458	4.3
179.253996329	750	4.0	2.24007062422	393804	10225.6447002	-12.4323036841
182.372825963	300	4.88117036637	0.0	137507	3118.82963363	-0.15
185.858137168	300	5.39585916159	0.0	118421	3485.31120478	0.3

