4852.04229774	750	4.0	2.94343387299	450283	2943.43387299	-11.9067656538
4852.85611112	300	7.18618661963	0.0	155580	813.813380367	-0.15
4853.5117887	300	10.5305090393	0.0	139857	655.677580285	0.3
4854.22452907	300	13.8177686717	0.0	155432	712.740367647	0.3
4855.06290566	300	16.9793920823	0.0	163442	838.376589429	0.3
4855.78601911	300	20.2562786238	0.0	126289	723.113458432	0.3
4856.68251352	300	23.3597842209	0.0	153295	896.494402911	0.3
4857.65490202	300	26.3873957127	0.0	173849	972.388508232	0.3
4858.5345517	300	29.507746034	0.0	150710	879.649678682	0.3
4859.3759004	300	32.6663973391	0.0	139105	841.348694917	0.3
4860.15527793	300	35.8870198045	0.0	141840	779.377534592	0.3
4860.97721061	300	39.065087123	0.0	156148	821.932681526	0.3
4861.90055586	300	42.1417418754	0.0	160746	923.34524758	0.3
4862.926951	300	45.1153467425	0.0	179801	1026.39513285	0.3
4863.70609378	300	48.3362039596	0.0	140051	779.142782965	0.3
4864.47088389	300	51.5714138444	0.0	138313	764.790115168	0.3
4865.22572022	300	54.8165775195	0.0	143509	754.836324945	0.3
4865.95403664	300	58.0882611009	0.0	150616	728.316418523	0.3
4875.5526507	4300	52.4896470326	0.0	2220726	9598.6140683	0.3
4884.96023892	4300	47.0820588161	0.0	2156729	9407.5882165	4.3
4896.05309416	4300	39.9892035786	0.0	2039773	11092.8552376	4.3
4907.34073436	4300	32.7015633766	0.0	2176469	11287.640202	4.3
4916.77538259	4300	27.2669151472	0.0	2221506	9434.64822942	4.3
4925.45353364	4300	22.5887640982	0.0	2044075	8678.15104891	4.3
4935.68262322	4300	16.3596745152	0.0	2186790	10229.0895831	4.3
4946.28843205	4300	9.75386568864	0.0	2105231	10605.8088265	4.3
4947.42783348	300	12.6144642571	0.0	181901	1139.40143149	-3.7
4948.20446246	300	15.8378352727	0.0	111155	776.628984453	0.3
4949.25892839	300	18.78336935	0.0	153605	1054.4659227	0.3
4950.41853216	300	21.6237655776	0.0	149029	1159.60377244	0.3
4952.11122055	300	23.9310771839	0.0	157421	1692.68839364	0.3
4954.16821943	300	25.8740783066	0.0	157488	2056.99887731	0.3
4955.10673621	300	28.9355615297	0.0	143881	938.516776929	0.3
4955.942828	300	32.0994697335	0.0	163444	836.091796145	0.3
4957.12343493	300	34.918862804	0.0	179328	1180.60692951	0.3
4958.32672864	300	37.7155690987	0.0	159914	1203.2937053	0.3
4959.32780289	300	40.7144948433	0.0	131610	1001.07425545	0.3
4960.25928737	300	43.7830103639	0.0	124011	931.484479373	0.3
4961.31081693	300	46.7314808076	0.0	144254	1051.52955633	0.3
4962.55276784	300	49.4895299015	0.0	149991	1241.95090612	0.3
4963.83205636	300	52.2102413796	0.0	147968	1279.28852188	0.3
4965.20646768	300	54.8358300606	0.0	161857	1374.41131895	0.3
4966.59084879	300	57.4514489445	0.0	145210	1384.38111612	0.3
4968.40401076	300	59.6382869824	0.0	172312	1813.16196209	0.3
4971.6358105	300	59.8099604978	0.0	167025	2328.32648465	0.3
4974.16031111	300	59.749446905	0.0	160064	1560.51359278	0.3
4976.46747805	300	59.8078569252	0.0	137507	1441.58997976	0.3
5009.94273094	4300	30.3326040341	0.0	2155012	33475.2528911	0.3

