1275.56353579	750	4.0	1.72823060588	450283	1728.23060588	-6.68139160529
1276.24130961	300	7.32222617761	0.0	155580	677.773822393	-0.15
1276.95586903	300	10.6076667536	0.0	139857	714.559424042	0.3
1277.75950252	300	13.8040332713	0.0	155432	803.633482248	0.3
1278.60084463	300	16.9626911582	0.0	163442	841.342113113	0.3
1279.30398418	300	20.2595516071	0.0	126289	703.139551086	0.3
1280.0290666	300	23.5344691917	0.0	153295	725.082415433	0.3
1280.82033753	300	26.7431982576	0.0	173849	791.270934056	0.3
1281.5205908	300	30.0429449854	0.0	150710	700.253272183	0.3
1282.16778245	300	33.3957533422	0.0	139105	647.19164327	0.3
1282.84897754	300	36.714558244	0.0	141840	681.195098143	0.3
1283.59052128	300	39.9730145033	0.0	156148	741.543740766	0.3
1284.15731048	300	43.4062253049	0.0	160746	566.78919832	0.3
1284.60554993	300	46.9579858611	0.0	179801	448.239443807	0.3
1284.97094691	300	50.5925888734	0.0	140051	365.396987787	0.3
1289.24732442	4300	50.3162113657	0.0	2152483	4276.37750761	0.3
1294.14026923	4300	49.4232665586	0.0	2289689	4892.94480712	4.3
1298.11602313	4300	49.447512653	0.0	2059512	3975.75390565	4.3
1302.29983968	4300	49.2636961057	0.0	2220726	4183.81654727	4.3
1306.79154022	4300	48.7719955637	0.0	2156729	4491.700542	4.3
1311.62357197	4300	47.939963818	0.0	2039773	4832.03174574	4.3
1317.51372691	4300	46.0498088725	0.0	2176469	5890.15494551	4.3
1322.9336057	4300	44.6299300839	0.0	2221506	5419.87878852	4.3
1328.85729701	4300	42.7062387814	0.0	2044075	5923.69130249	4.3
1333.88312826	4300	41.6804075247	0.0	2186790	5025.83125674	4.3
1341.54790527	4300	38.0156305197	0.0	2105231	7664.77700499	4.3
1348.00211844	4300	35.5614173431	0.0	2395588	6454.21317667	4.3
1352.56953486	4300	34.9940009282	0.0	1972048	4567.41641483	4.3
1356.91720757	4300	34.6463282169	0.0	2134614	4347.67271131	4.3
1361.39310966	4300	34.1704261242	0.0	2164140	4475.90209274	4.3
1367.02434569	4300	32.5391900983	0.0	2113193	5631.23602589	4.3
1373.28385353	4300	30.2796822597	0.0	2147852	6259.50783857	4.3
1378.42517976	4300	29.1383560319	0.0	2191074	5141.32622779	4.3
1384.16949914	4300	27.3940366512	0.0	2286761	5744.3193807	4.3
1393.26762939	4300	22.2959064012	0.0	2307787	9098.13025004	4.3
1393.89064693	300	25.6728888601	0.0	159914	623.017541025	-3.7
1394.42282644	300	29.1407093431	0.0	131610	532.179517078	0.3
1394.92902899	300	32.6345067944	0.0	124011	506.202548646	0.3
1395.50189966	300	36.0616361262	0.0	144254	572.870668239	0.3
1396.08350269	300	39.4800330992	0.0	149991	581.603026977	0.3
1396.70822444	300	42.8553113427	0.0	147968	624.721756462	0.3
1397.4142983	300	46.149237491	0.0	161857	706.073851716	0.3
1398.10985725	300	49.4536785388	0.0	145210	695.558952274	0.3
1399.08709382	300	52.4764419627	0.0	172312	977.236576045	0.3
1400.41569416	300	55.1478416244	0.0	167025	1328.60033834	0.3
1401.58463056	300	57.9789052255	0.0	160064	1168.93639882	0.3
1402.84078351	300	59.7604914012	0.0	137507	718.413824341	0.3
1408.60259553	4300	57.9986793891	0.0	2155012	5761.8120121	0.3

