21546.1007242	750	4.0	2.75235176823	450283	2752.35176823	-11.0851126034
21547.1206239	300	6.98010022131	0.0	155580	1019.89977869	-0.15
21548.242583	300	9.85814115822	0.0	139857	1121.95906309	0.3
21549.4735265	300	12.6271976112	0.0	155432	1230.943547	0.3
21550.6856555	300	15.4150686673	0.0	163442	1212.12894395	0.3
21551.3891691	300	18.7115550767	0.0	126289	703.513590533	0.3
21552.0454431	300	22.05528108	0.0	153295	656.273996712	0.3
21552.4710867	300	25.6296374701	0.0	173849	425.643609944	0.3
21552.8413196	300	29.2594045675	0.0	150710	370.232902562	0.3
21553.1893915	300	32.9113326827	0.0	139105	348.071884804	0.3
21554.9624989	300	35.1382252328	0.0	141840	1773.1074499	0.3
21556.850407	300	37.250317135	0.0	156148	1887.90809786	0.3
21559.2473024	300	38.8534217857	0.0	160746	2396.8953493	0.3
21561.2682026	300	40.832521515	0.0	179801	2020.90027067	0.3
21562.9342218	300	43.1665023556	0.0	140051	1666.01915937	0.3
21565.3694424	300	44.731281733	0.0	138313	2435.22062261	0.3
21567.0757254	300	47.0249987318	0.0	143509	1706.28300125	0.3
21568.3715124	300	49.7292117438	0.0	150616	1295.78698796	0.3
21569.5273247	300	52.5733994407	0.0	165384	1155.81230305	0.3
21570.525691	300	55.5750331294	0.0	140881	998.366311326	0.3
21571.8112694	300	58.2894547108	0.0	157671	1285.57841863	0.3
21574.1217179	300	59.979006287	0.0	157812	1810.44842375	0.3
21591.3022074	4300	46.7985167223	0.0	2221506	17180.4895647	0.3
21610.575357	4300	31.5253671815	0.0	2044075	19273.1495408	4.3
21635.5593599	4300	10.5413642591	0.0	2186790	24984.0029225	4.3
21636.7847702	300	13.3159539233	0.0	153938	1225.41033578	-3.7
21638.7546388	300	15.3460853663	0.0	181901	1969.86855702	0.3
21640.4147649	300	17.6859592962	0.0	111155	1660.12607004	0.3
21641.8558188	300	20.2449053796	0.0	153605	1441.05391665	0.3
21642.8218783	300	23.278845844	0.0	149029	966.059535545	0.3
21643.8845151	300	26.2162090345	0.0	157421	1062.63680954	0.3
21644.9913468	300	29.1093773867	0.0	157488	1106.83164778	0.3
21646.1815371	300	31.9191870946	0.0	143881	1190.19029215	0.3
21647.580186	300	34.5205381823	0.0	163444	1398.64891222	0.3
21648.9148754	300	37.1858487671	0.0	179328	1334.68941526	0.3
21649.8937691	300	40.2069550764	0.0	159914	978.893690701	0.3
21650.741737	300	43.3589871967	0.0	131610	847.96787968	0.3
21651.5437901	300	46.5569340582	0.0	124011	802.053138474	0.3
21652.4714163	300	49.6293078178	0.0	144254	927.626240429	0.3
21653.6569678	300	52.4437563513	0.0	149991	1185.55146652	0.3
21655.4473396	300	54.6533845605	0.0	147968	1790.37179078	0.3
21656.9284058	300	57.1723183187	0.0	161857	1481.06624179	0.3
21658.1160373	300	59.9846868139	0.0	145210	1187.63150483	0.3
21660.2717882	300	59.8556438008	0.0	172312	1629.04301312	0.3
21663.7059376	300	59.671923091	0.0	167025	1183.72070977	0.3
21681.7940458	4300	45.5838148272	0.0	2246506	18088.1082638	0.3
21698.6345244	4300	32.7433362588	0.0	1961140	16840.4785684	4.3
21722.3849895	4300	12.9928711228	0.0	2155012	23750.465136	4.3

