17861.3690624	750	4.0	3.44599564623	450283	3445.99564623	-14.0677812788
17862.4389502	300	6.93011215757	0.0	155580	1069.88784243	-0.15
17863.3740067	300	9.9950557175	0.0	139857	935.056440065	0.3
17864.4725998	300	12.896462551	0.0	155432	1098.59316651	0.3
17865.736258	300	15.632804401	0.0	163442	1263.65815	0.3
17867.0178188	300	18.3512435817	0.0	126289	1281.56081925	0.3
17869.8475242	300	19.5215381399	0.0	153295	2829.70544181	0.3
17874.4029521	300	18.9661103136	0.0	173849	4555.4278263	0.3
17878.2776205	300	19.0914418523	0.0	150710	3874.6684613	0.3
17881.8944426	300	19.4746198104	0.0	139105	3616.82204198	0.3
17885.1882839	300	20.1807784362	0.0	141840	3293.84137418	0.3
17887.8376202	300	21.5314422325	0.0	156148	2649.33620372	0.3
17891.0182114	300	22.350850975	0.0	160746	3180.59125747	0.3
17894.6619099	300	22.7071524796	0.0	179801	3643.69849539	0.3
17896.7711326	300	24.5979297425	0.0	140051	2109.22273708	0.3
17899.6497978	300	25.7192645433	0.0	138313	2878.66519917	0.3
17902.1615404	300	27.2075220283	0.0	143509	2511.742515	0.3
17904.7500868	300	28.6189756112	0.0	150616	2588.54641709	0.3
17908.4215915	300	28.9474709215	0.0	165384	3671.50468971	0.3
17911.6405865	300	29.7284759229	0.0	140881	3218.99499861	0.3
17913.6306085	300	31.7384538482	0.0	157671	1990.0220747	0.3
17915.3266372	300	34.0424252335	0.0	157812	1696.02861471	0.3
17917.6850016	300	35.6840607487	0.0	163927	2358.36448482	0.3
17919.8697019	300	37.4993605027	0.0	137654	2184.70024596	0.3
17921.8267268	300	39.5423355687	0.0	146754	1957.02493399	0.3
17924.5435058	300	40.8255565664	0.0	153938	2716.77900233	0.3
17927.0885015	300	42.2805609152	0.0	181901	2544.99565118	0.3
17928.4157135	300	44.9533489108	0.0	111155	1327.21200441	0.3
17930.1091282	300	47.2599342206	0.0	153605	1693.4146902	0.3
17931.7041601	300	49.6649022902	0.0	149029	1595.03193047	0.3
17933.2757673	300	52.0932951309	0.0	157421	1571.60715928	0.3
17934.7162259	300	54.6528364598	0.0	157488	1440.45867107	0.3
17936.1288147	300	57.2402477262	0.0	143881	1412.58873361	0.3
17937.6785061	300	59.6905562528	0.0	163444	1549.69147342	0.3
17940.1999593	300	59.5225493726	0.0	179328	2168.00688012	0.3
17943.4781624	300	59.9901710194	0.0	159914	2032.37835325	0.3
17946.3611216	300	59.7866037476	0.0	131610	1703.56727177	0.3
17949.1255673	300	59.8940769048	0.0	124011	1392.52684279	0.3
17950.6979672	300	59.9438363167	0.0	144254	1450.24058808	0.3
17953.4071825	300	59.5253082712	0.0	149991	1418.52804554	0.3
17956.7076495	300	59.5004185425	0.0	147968	1524.88972875	0.3
17958.4173205	300	59.8233715938	0.0	161857	1677.04694867	0.3
17960.1146869	300	59.7710004382	0.0	145210	1552.37115562	0.3
17962.6462902	300	59.6276963781	0.0	172312	1643.30406004	0.3
17965.5870371	300	59.866472562	0.0	167025	1761.22381612	0.3
17969.6512514	300	59.8022583425	0.0	160064	2564.21421956	0.3
17973.4700566	300	59.9834530646	0.0	137507	3318.80527784	0.3
17977.8199635	300	59.6335462059	0.0	118421	1849.90685875	0.3

