8967.80560395	750	4.0	5.25905163903	450283	5259.05163903	-21.8639220478
8969.35083001	300	6.45477393735	0.0	155580	1545.22606265	-0.15
8970.81374068	300	8.99186327065	0.0	139857	1462.9106667	0.3
8972.16826511	300	11.637338836	0.0	155432	1354.52443461	0.3
8973.58167185	300	14.2239321011	0.0	163442	1413.40673491	0.3
8974.85231287	300	16.9532910814	0.0	126289	1270.64101973	0.3
8976.38965537	300	19.4159485797	0.0	153295	1537.34250171	0.3
8977.89880181	300	21.9068021419	0.0	173849	1509.14643774	0.3
8979.42770055	300	24.3779034033	0.0	150710	1528.89873861	0.3
8980.87244318	300	26.9331607704	0.0	139105	1444.74263291	0.3
8982.1987847	300	29.6068192477	0.0	141840	1326.34152276	0.3
8983.39068834	300	32.4149156105	0.0	156148	1191.90363713	0.3
8984.53941781	300	35.2661861404	0.0	160746	1148.72947017	0.3
8986.04345885	300	37.7621450975	0.0	179801	1504.04104285	0.3
8987.73340155	300	40.0722024009	0.0	140051	1689.94269666	0.3
8988.74460826	300	43.0609956857	0.0	138313	1011.20671516	0.3
8989.58180247	300	46.2238014774	0.0	143509	837.194208334	0.3
8990.40865227	300	49.3969516817	0.0	150616	826.849795631	0.3
8991.26976837	300	52.5358355759	0.0	165384	861.116105874	0.3
8992.01256317	300	55.7930407833	0.0	140881	742.794792511	0.3
8993.11692225	300	58.6886817043	0.0	157671	1104.35907905	0.3
9006.5225739	4300	49.2830300506	0.0	2176469	13405.6516537	0.3
9018.50282901	4300	41.3027749352	0.0	2221506	11980.2551154	4.3
9028.61632969	4300	35.1892742553	0.0	2044075	10113.5006799	4.3
9042.64190514	4300	25.1636988129	0.0	2186790	14025.5754424	4.3
9058.07641172	4300	13.7291922323	0.0	2105231	15434.5065805	4.3
9059.33447672	300	16.4711272276	0.0	181901	1258.06500473	-3.7
9059.99876489	300	19.8068390559	0.0	111155	664.288171674	0.3
9060.88406703	300	22.9215369245	0.0	153605	885.302131383	0.3
9062.07913766	300	25.7264662889	0.0	149029	1195.0706356	0.3
9063.15118435	300	28.6544195966	0.0	157421	1072.0466923	0.3
9064.09863634	300	31.7069676105	0.0	157488	947.451986142	0.3
9064.80218055	300	35.0034234	0.0	143881	703.54421048	0.3
9065.61009654	300	38.1955074067	0.0	163444	807.915993288	0.3
9066.58031962	300	41.2252843349	0.0	179328	970.223071858	0.3
9067.45798781	300	44.3476161357	0.0	159914	877.668199147	0.3
9068.21048291	300	47.595121042	0.0	131610	752.495093777	0.3
9068.94282117	300	50.8627827773	0.0	124011	732.33826465	0.3
9069.91341848	300	53.8921854675	0.0	144254	970.597309759	0.3
9071.00304031	300	56.8025636375	0.0	149991	1089.62183009	0.3
9072.19321496	300	59.6123889919	0.0	147968	1190.17464552	0.3
9073.73503502	300	59.7498102693	0.0	161857	1362.57872268	0.3
9075.09505489	300	59.9094209652	0.0	145210	840.389304065	0.3
9095.0450279	4300	43.9594479586	0.0	2219102	19949.9730066	0.3
9115.76031473	4300	27.2441611282	0.0	2124950	20715.2868304	4.3
9138.70986595	4300	8.29460990995	0.0	2246506	22949.5512182	4.3
9140.3127561	300	10.6917197594	0.0	137507	1602.89015059	-3.7
9141.88519765	300	13.1192782076	0.0	118421	1572.44155174	0.3

