18428.6159426	750	4.0	1.39159745279	450283	1391.59745279	-5.23386904699
18429.1288685	300	7.48707411256	0.0	155580	512.925887436	-0.15
18429.6530373	300	10.9629053085	0.0	139857	524.168804016	0.3
18430.2816368	300	14.3343057657	0.0	155432	628.599542856	0.3
18430.9725099	300	17.6434326779	0.0	163442	690.873087751	0.3
18431.5562195	300	21.0597231207	0.0	126289	583.709557266	0.3
18432.2267825	300	24.3891601059	0.0	153295	670.563014756	0.3
18432.923686	300	27.6922566191	0.0	173849	696.903486868	0.3
18433.5113398	300	31.1046027822	0.0	150710	587.653836875	0.3
18434.0403981	300	34.5755445119	0.0	139105	529.058270307	0.3
18434.6041509	300	38.0117916405	0.0	141840	563.752871392	0.3
18435.2353241	300	41.3806185087	0.0	156148	631.173131798	0.3
18435.9143099	300	44.7016327176	0.0	160746	678.985791041	0.3
18436.5762407	300	48.0397019309	0.0	179801	661.930786719	0.3
18437.0836383	300	51.5323042545	0.0	140051	507.397676437	0.3
18437.5760401	300	55.03990249	0.0	138313	492.401764461	0.3
18444.6873489	4300	51.9285937261	0.0	2289689	7111.30876394	0.3
18451.3502899	4300	49.265652704	0.0	2059512	6662.94102211	4.3
18459.5658864	4300	45.0500561835	0.0	2220726	8215.59652049	4.3
18468.6671542	4300	39.9487884085	0.0	2156729	9101.26777496	4.3
18477.1393803	4300	35.4765622606	0.0	2039773	8472.22614797	4.3
18485.1790469	4300	31.4368956725	0.0	2176469	8039.66658801	4.3
18494.5838735	4300	26.0320691207	0.0	2221506	9404.82655185	4.3
18502.6094897	4300	22.0064529301	0.0	2044075	8025.61619061	4.3
18510.3619429	4300	18.2539996947	0.0	2186790	7752.4532354	4.3
18517.6616218	4300	14.9543207639	0.0	2105231	7299.67893075	4.3
18518.2919068	300	18.3240358151	0.0	181901	630.284948884	-3.7
18518.7401089	300	21.8758336828	0.0	111155	448.202132251	0.3
18519.3289271	300	25.2870154693	0.0	153605	588.818213525	0.3
18519.9025873	300	28.7133553049	0.0	149029	573.66016434	0.3
18520.5206425	300	32.0953001243	0.0	157421	618.055180636	0.3
18521.149787	300	35.4661556072	0.0	157488	629.144517093	0.3
18521.736569	300	38.879373609	0.0	143881	586.781998261	0.3
18522.3504017	300	42.2655408374	0.0	163444	613.83277153	0.3
18522.9844068	300	45.6315358214	0.0	179328	634.005016025	0.3
18523.6780579	300	48.9378847113	0.0	159914	693.65111007	0.3
18524.3007506	300	52.3151919396	0.0	131610	622.692771772	0.3
18524.8895531	300	55.7263895037	0.0	124011	588.802435864	0.3
18525.5763312	300	59.0396114072	0.0	144254	686.778096521	0.3
18533.6969684	4300	54.9189741678	0.0	2146120	8120.63723936	0.3
18540.7012909	4300	51.9146516834	0.0	2108491	7004.32248442	4.3
18548.9771311	4300	47.6388115175	0.0	2184571	8275.84016588	4.3
18557.8142895	4300	42.8016531236	0.0	2121928	8837.15839393	4.3
18565.0555124	4300	39.5604301689	0.0	2219102	7241.22295467	4.3
18577.8887365	4300	30.727206065	0.0	2124950	12833.2241039	4.3
18587.1036008	4300	25.5123417431	0.0	2246506	9214.8643219	4.3
18594.2223019	4300	22.3936406825	0.0	1961140	7118.70106059	4.3
18603.7257558	4300	16.8901868092	0.0	2155012	9503.4538733	4.3

