13821.4352244	750	4.0	6.6507020475	450283	6650.7020475	-27.8480188043
13824.6435565	300	4.79166795862	0.0	155580	3208.33204138	-0.15
13827.3966542	300	6.03857017965	0.0	139857	2753.09777897	0.3
13830.9861436	300	6.44908085244	0.0	155432	3589.48932722	0.3
13834.4804668	300	6.95475758731	0.0	163442	3494.32326513	0.3
13836.0360289	300	9.39919551165	0.0	126289	1555.56207566	0.3
13838.2896176	300	11.1456068073	0.0	153295	2253.58870438	0.3
13840.8648514	300	12.5703729955	0.0	173849	2575.23381176	0.3
13843.2745494	300	14.1606749757	0.0	150710	2409.69801978	0.3
13845.8025	300	15.6327244146	0.0	139105	2527.95056117	0.3
13848.5292482	300	16.9059762038	0.0	141840	2726.74821076	0.3
13851.4085715	300	18.0266529328	0.0	156148	2879.32327104	0.3
13853.4409895	300	19.9942348706	0.0	160746	2032.41806217	0.3
13855.8849933	300	21.5502311267	0.0	179801	2444.00374388	0.3
13857.8294429	300	23.6057814655	0.0	140051	1944.44966125	0.3
13859.5491777	300	25.8860467114	0.0	138313	1719.73475403	0.3
13861.1945769	300	28.240647539	0.0	143509	1645.39917239	0.3
13862.8796092	300	30.5556152296	0.0	150616	1685.03230948	0.3
13864.7460848	300	32.6891396338	0.0	165384	1866.47559578	0.3
13866.4145543	300	35.0206700894	0.0	140881	1668.46954435	0.3
13868.4134218	300	37.0218026085	0.0	157671	1998.86748093	0.3
13870.2804641	300	39.1547602642	0.0	157812	1867.04234428	0.3
13872.2616173	300	41.1736070669	0.0	163927	1981.15319734	0.3
13873.8822353	300	43.5529890861	0.0	137654	1620.61798077	0.3
13875.7017504	300	45.7334739753	0.0	146754	1819.51511086	0.3
13877.7347653	300	47.7004591277	0.0	153938	2033.01484752	0.3
13880.4154968	300	49.0197276508	0.0	181901	2680.73147691	0.3
13881.9833178	300	51.4519066175	0.0	111155	1567.82103331	0.3
13884.0315988	300	53.403625628	0.0	153605	2048.28098947	0.3
13885.8504537	300	55.584770751	0.0	149029	1818.85487705	0.3
13887.4024508	300	58.0327735751	0.0	157421	1551.99717591	0.3
13889.8960758	300	59.5391485861	0.0	157488	1493.62498894	0.3
13891.2677573	300	59.7490845332	0.0	143881	1290.06405292	0.3
13892.9641344	300	59.9517048018	0.0	163444	1297.37973143	0.3
13921.851936	4300	35.0639031479	0.0	2307787	28887.8016538	0.3
13954.5727944	4300	6.34304478572	0.0	2143948	32720.8583622	4.3
13956.0424491	300	8.8733900336	0.0	131610	1469.65475213	-3.7
13957.3371713	300	11.5786679149	0.0	124011	1294.72211871	0.3
13958.8301792	300	14.0856600002	0.0	144254	1493.00791472	0.3
13960.2463542	300	16.6694849297	0.0	149991	1416.17507049	0.3
13961.6186214	300	19.2972177426	0.0	147968	1372.26718708	0.3
13963.0153269	300	21.9005122497	0.0	161857	1396.70549295	0.3
13964.1106987	300	24.805140509	0.0	145210	1095.37174068	0.3
13965.5443446	300	27.3714945728	0.0	172312	1433.64593619	0.3
13966.8995195	300	30.0163196485	0.0	167025	1355.17492431	0.3
13968.1247917	300	32.7910474909	0.0	160064	1225.27215762	0.3
13969.2130406	300	35.7027985322	0.0	137507	1088.24895869	0.3
13970.3086161	300	38.6072231227	0.0	118421	1095.57540945	0.3

