18764.7981695	750	4.0	2.82756937415	450283	2827.56937415	-11.4085483088
18765.6307699	300	7.16739960348	0.0	155580	832.600396523	-0.15
18766.346021	300	10.4521485619	0.0	139857	715.251041596	0.3
18767.0029397	300	13.7952298312	0.0	155432	656.918730639	0.3
18767.8159435	300	16.9822260044	0.0	163442	813.003826863	0.3
18768.5386132	300	20.2595563371	0.0	126289	722.669667257	0.3
18769.6685829	300	23.1295866238	0.0	153295	1129.96971333	0.3
18773.3865117	300	23.4116578424	0.0	173849	3717.92878134	0.3
18775.2111685	300	25.5870010412	0.0	150710	1824.65680129	0.3
18777.813113	300	26.9850564797	0.0	139105	2601.94456143	0.3
18780.4401529	300	28.3580166629	0.0	141840	2627.03981683	0.3
18783.4560113	300	29.3421581816	0.0	156148	3015.8584813	0.3
18786.3230092	300	30.4751603012	0.0	160746	2866.99788037	0.3
18789.2806925	300	31.5174770071	0.0	179801	2957.68329414	0.3
18792.7914425	300	32.0067270171	0.0	140051	3510.74999001	0.3
18797.510109	300	31.288060557	0.0	138313	4718.6664601	0.3
18801.3038959	300	31.4942736	0.0	143509	3793.78695699	0.3
18804.7211258	300	32.0770437065	0.0	150616	3417.22989348	0.3
18807.9386442	300	32.8595252999	0.0	165384	3217.51840659	0.3
18810.3447558	300	34.4534137518	0.0	140881	2406.1115481	0.3
18813.3451076	300	35.4530619191	0.0	157671	3000.35183276	0.3
18816.4626182	300	36.3355513381	0.0	157812	3117.51058096	0.3
18820.3515228	300	36.4466466732	0.0	163927	3888.90466488	0.3
18823.582326	300	37.2158435665	0.0	137654	3230.80310671	0.3
18826.5919077	300	38.2062618109	0.0	146754	3009.58175559	0.3
18829.287242	300	39.5109275359	0.0	153938	2695.33427504	0.3
18832.5996055	300	40.1985639957	0.0	181901	3312.3635402	0.3
18834.736563	300	42.061606524	0.0	111155	2136.95747162	0.3
18837.5973247	300	43.2008448093	0.0	153605	2860.76171479	0.3
18841.537549	300	43.2606204967	0.0	149029	3940.22431256	0.3
18847.2481919	300	41.5499776089	0.0	157421	5710.64288781	0.3
18849.0286772	300	43.7694923243	0.0	157488	1780.48528463	0.3
18850.326559	300	46.4716104805	0.0	143881	1297.88184378	0.3
18851.7823899	300	49.0157795905	0.0	163444	1455.83088996	0.3
18853.5091169	300	51.2890526356	0.0	179328	1726.72695492	0.3
18855.0781344	300	53.7200351364	0.0	159914	1569.01749915	0.3
18856.2044091	300	56.5937604622	0.0	131610	1126.27467422	0.3
18857.2401705	300	59.5579990676	0.0	124011	1035.76139465	0.3
18859.6540951	300	59.5908219934	0.0	144254	1967.17707413	0.3
18861.4888975	300	59.5267945246	0.0	149991	1564.02746886	0.3
18864.015841	300	59.5237102009	0.0	147968	2503.08432365	0.3
18866.5360069	300	59.6705569002	0.0	161857	1353.15330072	0.3
18867.5281523	300	59.7029904743	0.0	145210	967.566425886	0.3
18895.3169567	4300	35.9141860788	0.0	2219102	27788.8043955	0.3
18916.0384146	4300	19.1927282169	0.0	2124950	20721.4578619	4.3
18918.8959856	300	20.3351571727	0.0	160064	2857.57104415	-3.7
18921.0533403	300	22.177802483	0.0	137507	2157.35468973	0.3
18923.3647443	300	23.8663985536	0.0	118421	2311.40392942	0.3

