2325.65381769	750	4.0	1.14828331624	450283	1148.28331624	-4.18761825981
2326.10753609	300	7.54628159931	0.0	155580	453.718400693	-0.15
2326.52099833	300	11.1328193649	0.0	139857	413.462234362	0.3
2326.97294726	300	14.6808704282	0.0	155432	451.948936745	0.3
2327.47459869	300	18.1792190042	0.0	163442	501.651423985	0.3
2327.88357126	300	21.7702464317	0.0	126289	408.972572482	0.3
2328.40139414	300	25.2524235508	0.0	153295	517.822880914	0.3
2329.11774808	300	28.5360696113	0.0	173849	716.353939479	0.3
2329.85296568	300	31.8008520075	0.0	150710	735.217603838	0.3
2330.60799429	300	35.0458234017	0.0	139105	755.028605844	0.3
2331.43342481	300	38.2203928825	0.0	141840	825.430519172	0.3
2332.42291956	300	41.2308981357	0.0	156148	989.494746775	0.3
2333.69868493	300	43.9551327628	0.0	160746	1275.76537291	0.3
2334.68755927	300	46.9662584259	0.0	179801	988.874336897	0.3
2335.33979725	300	50.3140204457	0.0	140051	652.237980185	0.3
2335.89065169	300	53.7631660013	0.0	138313	550.854444396	0.3
2336.46805084	300	57.1857668536	0.0	143509	577.399147745	0.3
2345.59022663	4300	52.0635910603	0.0	2059512	9122.1757933	0.3
2351.3717587	4300	50.2820589893	0.0	2220726	5781.53207098	4.3
2360.44788523	4300	45.2059324585	0.0	2156729	9076.12653077	4.3
2378.61668419	4300	31.0371335055	0.0	2039773	18168.798953	4.3
2385.81756558	4300	27.8362521092	0.0	2176469	7200.8813963	4.3
2393.24681875	4300	24.4069989382	0.0	2221506	7429.25317099	4.3
2399.27834084	4300	22.3754768571	0.0	2044075	6031.52208119	4.3
2407.37078507	4300	18.2830326194	0.0	2186790	8092.44423762	4.3
2412.86311473	4300	16.7907029595	0.0	2105231	5492.32965997	4.3
2418.81767733	4300	14.8361403621	0.0	2395588	5954.56259737	4.3
2419.23926663	300	18.414551062	0.0	111155	421.589300122	-3.7
2419.81974307	300	21.8340746172	0.0	153605	580.476444768	0.3
2420.29849661	300	25.3553210822	0.0	149029	478.753534988	0.3
2420.75679414	300	28.8970235502	0.0	157421	458.297532052	0.3
2421.21525268	300	32.4385650108	0.0	157488	458.458539381	0.3
2421.64101231	300	36.0128053776	0.0	143881	425.759633144	0.3
2422.11536743	300	39.5384502584	0.0	163444	474.355119208	0.3
2422.66919033	300	42.9846273631	0.0	179328	553.822895302	0.3
2423.22958666	300	46.4242310335	0.0	159914	560.396329619	0.3
2423.70221298	300	49.9516047164	0.0	131610	472.626317102	0.3
2424.13619672	300	53.517620968	0.0	124011	433.983748408	0.3
2424.62610596	300	57.0277117321	0.0	144254	489.909235951	0.3
2430.57396565	4300	55.0798520401	0.0	2146120	5947.85969192	0.3
2435.40078103	4300	54.2530366662	0.0	2108491	4826.81537389	4.3
2440.85974939	4300	52.794068306	0.0	2184571	5458.96836021	4.3
2446.58929447	4300	51.0645232204	0.0	2121928	5729.54508567	4.3
2453.1251033	4300	48.5287143972	0.0	2219102	6535.8088232	4.3
2458.99213829	4300	46.661679406	0.0	2124950	5867.03499117	4.3
2469.75755436	4300	39.8962633344	0.0	2246506	10765.4160715	4.3
2475.98130737	4300	37.672510321	0.0	1961140	6223.75301342	4.3
2482.29885462	4300	35.3549630764	0.0	2155012	6317.54724467	4.3

