3334.47476168	750	4.0	2.60037885097	450283	2600.37885097	-10.4316290592
3335.26296761	300	7.21179406584	0.0	155580	788.20593416	-0.15
3336.01021462	300	10.4645470606	0.0	139857	747.247005199	0.3
3336.83536223	300	13.6393994428	0.0	155432	825.14761788	0.3
3337.69304786	300	16.7817138208	0.0	163442	857.685621945	0.3
3338.48270756	300	19.9920541137	0.0	126289	789.659707164	0.3
3339.5634471	300	22.9113145732	0.0	153295	1080.73954047	0.3
3340.88660251	300	25.5881591656	0.0	173849	1323.15540754	0.3
3341.93965418	300	28.5351074934	0.0	150710	1053.05167223	0.3
3342.92794782	300	31.5468138588	0.0	139105	988.293634584	0.3
3344.04754174	300	34.4272199389	0.0	141840	1119.59391993	0.3
3345.97182018	300	36.5029414982	0.0	156148	1924.27844074	0.3
3347.68066631	300	38.7940953684	0.0	160746	1708.84612973	0.3
3349.05575478	300	41.4190068943	0.0	179801	1375.08847417	0.3
3350.03992746	300	44.4348342153	0.0	140051	984.172678931	0.3
3351.0619197	300	47.4128419823	0.0	138313	1021.992233	0.3
3352.26348903	300	50.211272646	0.0	143509	1201.56933638	0.3
3353.67222518	300	52.8025364956	0.0	150616	1408.7361504	0.3
3355.85109685	300	54.6236648234	0.0	165384	2178.87167221	0.3
3357.55317733	300	56.9215843493	0.0	140881	1702.08047403	0.3
3358.86639174	300	59.6083699388	0.0	157671	1313.21441052	0.3
3361.04165554	300	59.9717425304	0.0	157812	1136.62740841	0.3
3386.68179334	4300	38.3316047388	0.0	2221506	25640.1377916	0.3
3403.53583299	4300	25.4775650834	0.0	2044075	16854.0396554	4.3
3418.99744275	4300	14.0159553275	0.0	2186790	15461.6097559	4.3
3419.9153144	300	17.0980836712	0.0	153938	917.871656331	-3.7
3420.9913852	300	20.0220128731	0.0	181901	1076.07079809	0.3
3421.58152447	300	23.4318736058	0.0	111155	590.139267259	0.3
3422.37747816	300	26.6359199167	0.0	153605	795.953689125	0.3
3423.46765691	300	29.5457411674	0.0	149029	1090.17874934	0.3
3424.5961729	300	32.4172251747	0.0	157421	1128.51599265	0.3
3425.72513515	300	35.2882629228	0.0	157488	1128.96225186	0.3
3426.77546089	300	38.2379371815	0.0	143881	1050.32574136	0.3
3427.97066789	300	41.0427301798	0.0	163444	1195.20700173	0.3
3429.04610587	300	43.9672922011	0.0	179328	1075.43797862	0.3
3430.17647006	300	46.8369280099	0.0	159914	1130.36419126	0.3
3431.07929705	300	49.9341010251	0.0	131610	902.826984777	0.3
3431.89310362	300	53.1202944537	0.0	124011	813.806571379	0.3
3432.79498918	300	56.2184088949	0.0	144254	901.885558871	0.3
3433.68704401	300	59.3263540677	0.0	149991	892.054827142	0.3
3447.8946235	4300	49.1187745781	0.0	2108491	14207.5794896	0.3
3463.18324476	4300	37.8301533098	0.0	2184571	15288.6212683	4.3
3472.92248706	4300	32.0909110175	0.0	2121928	9739.24229229	4.3
3481.09093741	4300	27.9224606637	0.0	2219102	8168.4503538	4.3
3487.9964651	4300	25.0169329727	0.0	2124950	6905.52769095	4.3
3495.14158904	4300	21.8718090358	0.0	2246506	7145.1239369	4.3
3502.42632347	4300	18.587074603	0.0	1961140	7284.7344328	4.3
3507.69564134	4300	17.3177567302	0.0	2155012	5269.31787281	4.3

