2154.68499361	750	4.0	1.61322414806	450283	1613.22414806	-6.18686383664
2155.30515068	300	7.37984293157	0.0	155580	620.157068427	-0.15
2155.91122885	300	10.7737647569	0.0	139857	606.078174685	0.3
2156.635183	300	14.0498106109	0.0	155432	723.954146007	0.3
2157.43407633	300	17.250917282	0.0	163442	798.893328879	0.3
2158.13882538	300	20.5461682325	0.0	126289	704.749049551	0.3
2158.91244893	300	23.7725446816	0.0	153295	773.623550859	0.3
2159.68908001	300	26.9959136003	0.0	173849	776.631081289	0.3
2160.40090872	300	30.2840848869	0.0	150710	711.828713398	0.3
2161.17532092	300	33.5096726881	0.0	139105	774.412198772	0.3
2161.83309984	300	36.8518937707	0.0	141840	657.778917429	0.3
2162.52227713	300	40.1627164808	0.0	156148	689.177289932	0.3
2163.26306842	300	43.4219251872	0.0	160746	740.791293554	0.3
2164.14648577	300	46.5385078365	0.0	179801	883.417350694	0.3
2164.85552403	300	49.8294695777	0.0	140051	709.038258797	0.3
2165.6230686	300	53.0619250103	0.0	138313	767.544567389	0.3
2166.31275937	300	56.3722342448	0.0	143509	689.690765528	0.3
2166.91249178	300	59.7725018352	0.0	150616	599.732409598	0.3
2173.65024657	4300	57.0347470357	0.0	2220726	6737.75479951	0.3
2182.82682392	4300	51.8581696934	0.0	2156729	9176.57734235	4.3
2197.05931106	4300	41.6256825462	0.0	2039773	14232.4871472	4.3
2213.56335023	4300	29.1216433832	0.0	2176469	16504.039163	4.3
2230.91621966	4300	15.7687739468	0.0	2221506	17352.8694364	4.3
2234.03689081	750	16.6481028011	0.0	343800	3120.67114569	-2.8
2235.02121253	300	19.6637810814	0.0	146754	984.321719678	-0.15
2236.08644478	300	22.5985488351	0.0	153938	1065.23224638	0.3
2237.44345238	300	25.2415412327	0.0	181901	1357.00760237	0.3
2238.29173328	300	28.3932603298	0.0	111155	848.28090288	0.3
2239.4842769	300	31.2007167089	0.0	153605	1192.54362086	0.3
2240.78299493	300	33.9019986768	0.0	149029	1298.71803212	0.3
2241.87370483	300	36.8112887842	0.0	157421	1090.70989264	0.3
2242.8793989	300	39.8055947115	0.0	157488	1005.69407268	0.3
2243.68515603	300	42.9998375756	0.0	143881	805.75713587	0.3
2244.46430314	300	46.2206904665	0.0	163444	779.147109163	0.3
2245.24076678	300	49.4442268328	0.0	179328	776.463633624	0.3
2245.85060204	300	52.834391569	0.0	159914	609.835263861	0.3
2246.32910109	300	56.3558925244	0.0	131610	478.49904462	0.3
2253.58274535	4300	53.102248264	0.0	2147467	7253.6442604	0.3
2258.96966946	4300	51.7153241487	0.0	2133870	5386.92411531	4.3
2265.56759079	4300	49.1174028164	0.0	2146120	6597.92133226	4.3
2277.41516297	4300	41.2698306435	0.0	2108491	11847.5721729	4.3
2289.22298863	4300	33.4620049793	0.0	2184571	11807.8256642	4.3
2298.68073101	4300	28.0042626028	0.0	2121928	9457.74237641	4.3
2307.88661756	4300	22.7983760517	0.0	2219102	9205.88655119	4.3
2315.74465967	4300	18.9403339418	0.0	2124950	7858.04210987	4.3
2323.62419002	4300	15.0608035872	0.0	2246506	7879.53035461	4.3
2324.09890153	300	18.5860920805	0.0	137507	474.711506724	-3.7
2324.50553438	300	22.1794592347	0.0	118421	406.632845783	0.3

