15345.5361899	750	4.0	1.25635921087	450283	1256.35921087	-4.65234460673
15346.0715223	300	7.46466759713	0.0	155580	535.332402867	-0.15
15346.5881103	300	10.9480796058	0.0	139857	516.587991287	0.3
15347.1724676	300	14.363722324	0.0	155432	584.357281802	0.3
15347.7784144	300	17.7577754948	0.0	163442	605.946829211	0.3
15348.2943794	300	21.2418104947	0.0	126289	515.965000095	0.3
15348.9206702	300	24.6155197511	0.0	153295	626.290743593	0.3
15349.5159619	300	28.0202280649	0.0	173849	595.291686278	0.3
15349.9343461	300	31.6018437882	0.0	150710	418.384276654	0.3
15350.3475428	300	35.1886470952	0.0	139105	413.196692977	0.3
15350.7997017	300	38.7364881988	0.0	141840	452.158896484	0.3
15351.3302674	300	42.2059225174	0.0	156148	530.565681326	0.3
15351.8647465	300	45.6714434274	0.0	160746	534.479090072	0.3
15352.4371425	300	49.099047437	0.0	179801	572.39599038	0.3
15353.1391765	300	52.3970133837	0.0	140051	702.034053265	0.3
15353.9398133	300	55.5963765998	0.0	138313	800.636783955	0.3
15354.7263728	300	58.8098170967	0.0	143509	786.559503047	0.3
15355.9278606	300	59.61734426	0.0	150616	1192.47283675	0.3
15357.0176957	300	59.936934134	0.0	165384	680.410125926	0.3
15365.5549553	4300	55.3996745177	0.0	2156729	8537.2596163	0.3
15373.010541	4300	51.9440887466	0.0	2039773	7455.58577114	4.3
15378.0738441	4300	50.8807856454	0.0	2176469	5063.30310122	4.3
15383.9188885	4300	49.0357413301	0.0	2221506	5845.04431526	4.3
15390.3636342	4300	46.5909956095	0.0	2044075	6444.7457206	4.3
15396.5655172	4300	44.3891125837	0.0	2186790	6201.88302585	4.3
15402.294653	4300	42.6599767395	0.0	2105231	5729.13584416	4.3
15412.5875416	4300	36.3670882046	0.0	2395588	10292.8885349	4.3
15423.9412982	4300	29.0133316207	0.0	1972048	11353.756584	4.3
15456.0391623	4300	4.0	3.08453255058	2134614	32097.8641712	-8.96348996749
15457.9152229	750	6.12393946482	0.0	400508	1876.06053518	-2.8
15458.639093	300	9.40006932503	0.0	157421	723.870139794	-0.15
15459.3647279	300	12.6744344505	0.0	157488	725.634874539	0.3
15460.0342982	300	16.0048641223	0.0	143881	669.570328224	0.3
15460.7673877	300	19.2717746848	0.0	163444	733.089437455	0.3
15462.0825615	300	21.9566007884	0.0	179328	1315.1738964	0.3
15462.9517548	300	25.0874075605	0.0	159914	869.193227865	0.3
15463.7886343	300	28.2505280843	0.0	131610	836.87947624	0.3
15464.641312	300	31.3978503508	0.0	124011	852.677733535	0.3
15465.6629798	300	34.376182569	0.0	144254	1021.66778175	0.3
15466.5005573	300	37.5386049872	0.0	149991	837.577581872	0.3
15467.2191593	300	40.8200029876	0.0	147968	718.601999504	0.3
15467.9548134	300	44.0843488997	0.0	161857	735.654087971	0.3
15468.6599403	300	47.3792220282	0.0	145210	705.126871481	0.3
15469.6653011	300	50.3738612846	0.0	172312	1005.36074362	0.3
15470.7747264	300	53.2644359112	0.0	167025	1109.42537334	0.3
15472.2399121	300	55.7992502753	0.0	160064	1465.18563592	0.3
15473.9390728	300	58.1000895082	0.0	137507	1699.16076717	0.3
15476.2241108	300	59.7479715674	0.0	118421	852.117940756	0.3

