17092.8054101	750	4.0	2.77207748296	450283	2772.07748296	-11.1699331767
17093.8894338	300	6.91597627537	0.0	155580	1084.02372463	-0.15
17094.8771198	300	9.92829028743	0.0	139857	987.68598794	0.3
17095.7760034	300	13.0294066586	0.0	155432	898.883628831	0.3
17096.6592201	300	16.1461899713	0.0	163442	883.216687256	0.3
17097.2991708	300	19.5062392983	0.0	126289	639.95067305	0.3
17098.0183552	300	22.7870548739	0.0	153295	719.184424429	0.3
17098.6757481	300	26.1296620294	0.0	173849	657.392844515	0.3
17099.2116982	300	29.5937119103	0.0	150710	535.950119068	0.3
17099.6952303	300	33.1101797991	0.0	139105	483.532111156	0.3
17100.1793853	300	36.6260248356	0.0	141840	484.154963556	0.3
17100.7143143	300	40.0910957922	0.0	156148	534.929043397	0.3
17101.5105664	300	43.2948436438	0.0	160746	796.252148344	0.3
17102.5567027	300	46.248707382	0.0	179801	1046.13626185	0.3
17103.2405937	300	49.5648164252	0.0	140051	683.89095677	0.3
17103.7674612	300	53.0379489336	0.0	138313	526.867491635	0.3
17104.2656782	300	56.5397318935	0.0	143509	498.217040106	0.3
17113.9941546	4300	50.8112555103	0.0	2059512	9728.47638314	0.3
17131.4717536	4300	37.3336565166	0.0	2220726	17477.5989938	4.3
17148.7036203	4300	24.1017897945	0.0	2156729	17231.8667221	4.3
17160.3232774	4300	16.4821326562	0.0	2039773	11619.6571382	4.3
17160.8457956	300	19.9596144823	0.0	157812	522.518173948	-3.7
17161.3800745	300	23.4253355693	0.0	163927	534.278912956	0.3
17161.8230405	300	26.9823696122	0.0	137654	442.965957094	0.3
17162.2900013	300	30.5154087824	0.0	146754	466.960829815	0.3
17162.7759049	300	34.0295051872	0.0	153938	485.903595269	0.3
17163.3579525	300	37.4474575917	0.0	181901	582.047595477	0.3
17163.7527811	300	41.052628953	0.0	111155	394.828638691	0.3
17164.2491433	300	44.5562667551	0.0	153605	496.362197941	0.3
17164.7444048	300	48.0610053027	0.0	149029	495.261452307	0.3
17165.2794192	300	51.5259908499	0.0	157421	535.014452871	0.3
17165.817474	300	54.98793605	0.0	157488	538.054799895	0.3
17171.9043069	4300	52.9011031872	0.0	2191074	6086.83286282	0.3
17193.4413564	4300	35.364053728	0.0	2286761	21537.0494591	4.3
17213.9782515	4300	18.8271585742	0.0	2307787	20536.8951538	4.3
17214.6687688	300	22.1366412475	0.0	159914	690.51732675	-3.7
17215.4380265	300	25.367383632	0.0	131610	769.257615525	0.3
17215.9443271	300	28.8610829618	0.0	124011	506.300670147	0.3
17216.5278871	300	32.2775229527	0.0	144254	583.560009116	0.3
17217.1440648	300	35.6613453081	0.0	149991	616.177644564	0.3
17217.7606632	300	39.0447469051	0.0	147968	616.598403024	0.3
17218.3488625	300	42.4565475738	0.0	161857	588.199331297	0.3
17218.9080382	300	45.8973719374	0.0	145210	559.175636419	0.3
17219.5996673	300	49.2057428343	0.0	172312	691.629103124	0.3
17220.356597	300	52.4488130757	0.0	167025	756.929758572	0.3
17221.2015613	300	55.6038488245	0.0	160064	844.96425119	0.3
17222.0459061	300	58.7595039704	0.0	137507	844.344854164	0.3
17223.3142746	300	59.8716064378	0.0	118421	887.897532564	0.3

