21724.7275244	750	4.0	2.34253486996	450283	2342.53486996	-9.32289994084
21725.7982125	300	6.92931192487	0.0	155580	1070.68807513	-0.15
21727.1017471	300	9.62577733362	0.0	139857	1303.53459125	0.3
21728.2240045	300	12.5035199382	0.0	155432	1122.25739541	0.3
21729.0982753	300	15.6292491361	0.0	163442	874.270802154	0.3
21729.6283745	300	19.0991498971	0.0	126289	530.099238927	0.3
21730.2602695	300	22.4672548939	0.0	153295	631.895003285	0.3
21730.9674938	300	25.7600306193	0.0	173849	707.224274562	0.3
21731.5976496	300	29.1298748153	0.0	150710	630.155803987	0.3
21732.1826356	300	32.5448887754	0.0	139105	584.986039934	0.3
21732.6967865	300	36.0307379356	0.0	141840	514.150839759	0.3
21733.2679045	300	39.4596198729	0.0	156148	571.118062732	0.3
21733.8777569	300	42.8497675315	0.0	160746	609.852341345	0.3
21734.5581189	300	46.1694055332	0.0	179801	680.361998354	0.3
21735.0932563	300	49.6342680629	0.0	140051	535.13747032	0.3
21735.603422	300	53.1241023682	0.0	138313	510.165694665	0.3
21736.1048398	300	56.6226846093	0.0	143509	501.417758872	0.3
21742.6225069	4300	54.1050175327	0.0	2059512	6517.66707663	0.3
21752.4460876	4300	48.2814367799	0.0	2220726	9823.58075278	4.3
21759.7780672	4300	44.9494572284	0.0	2156729	7331.97955153	4.3
21766.0911737	4300	42.6363506874	0.0	2039773	6313.10654095	4.3
21773.9662226	4300	38.761301822	0.0	2176469	7875.04886544	4.3
21783.280933	4300	33.4465914224	0.0	2221506	9314.71039963	4.3
21790.9042736	4300	29.8232507433	0.0	2044075	7623.34067908	4.3
21802.5965224	4300	22.1310020184	0.0	2186790	11692.2487249	4.3
21814.0432323	4300	14.6842921129	0.0	2105231	11446.7099055	4.3
21815.1651738	300	17.5623505635	0.0	181901	1121.94154939	-3.7
21816.0754197	300	20.6521046422	0.0	111155	910.245921325	0.3
21817.2553342	300	23.4721901794	0.0	153605	1179.91446278	0.3
21818.1217765	300	26.6057478766	0.0	149029	866.44230284	0.3
21819.0385983	300	29.6889260956	0.0	157421	916.821780987	0.3
21820.052223	300	32.6753014162	0.0	157488	1013.62467945	0.3
21821.2630488	300	35.4644755473	0.0	143881	1210.82586884	0.3
21822.6336433	300	38.0938811057	0.0	163444	1370.59444165	0.3
21823.9652939	300	40.7622305279	0.0	179328	1331.65057777	0.3
21825.1597597	300	43.5677646864	0.0	159914	1194.46584151	0.3
21825.9989594	300	46.7285650199	0.0	131610	839.199666451	0.3
21826.7286323	300	49.9988921008	0.0	124011	729.672919168	0.3
21827.6129049	300	53.114619447	0.0	144254	884.272653736	0.3
21828.7557787	300	55.9717456941	0.0	149991	1142.8737529	0.3
21829.8671894	300	58.8603350345	0.0	147968	1111.41065963	0.3
21831.2260152	300	59.6520221064	0.0	161857	1208.31292806	0.3
21832.8109941	300	59.6097890256	0.0	145210	1042.2330808	0.3
21835.2781337	300	59.9875922888	0.0	172312	1622.19673686	0.3
21836.9986093	300	59.9998258034	0.0	167025	1487.76648533	0.3
21839.6729858	300	59.9089921649	0.0	160064	1090.83363856	0.3
21869.6477991	4300	33.9341788477	0.0	1961140	29974.8133172	0.3
21883.0496297	4300	24.5323481889	0.0	2155012	13401.8306588	4.3

