16465.7234067	750	4.0	2.56621638427	450283	2566.21638427	-10.2847304524
16466.633248	300	7.09015869636	0.0	155580	909.84130364	-0.15
16467.3223054	300	10.4011013334	0.0	139857	689.057363004	0.3
16467.9628377	300	13.7605689896	0.0	155432	640.532343733	0.3
16468.577566	300	17.1458407064	0.0	163442	614.728283213	0.3
16469.0610027	300	20.6624040236	0.0	126289	483.436682839	0.3
16469.6391338	300	24.0842729091	0.0	153295	578.131114431	0.3
16470.302631	300	27.420775748	0.0	173849	663.497161167	0.3
16470.8832425	300	30.8401641773	0.0	150710	580.611570719	0.3
16471.4176065	300	34.3058001935	0.0	139105	534.363983727	0.3
16471.9451766	300	37.778230146	0.0	141840	527.570047533	0.3
16472.4882867	300	41.235120052	0.0	156148	543.110094023	0.3
16473.0313199	300	44.6920867904	0.0	160746	543.033261612	0.3
16473.6371769	300	48.0862298144	0.0	179801	605.856975972	0.3
16474.1348716	300	51.5885350976	0.0	140051	497.69471682	0.3
16474.6472651	300	55.0761416114	0.0	138313	512.393486189	0.3
16482.1891417	4300	51.5342649892	0.0	2289689	7541.87662213	0.3
16491.0318099	4300	46.6915968182	0.0	2059512	8842.66817109	4.3
16499.8113913	4300	41.9120154581	0.0	2220726	8779.58136008	4.3
16510.0421527	4300	35.6812539919	0.0	2156729	10230.7614662	4.3
16525.009662	4300	24.7137446858	0.0	2039773	14967.509306	4.3
16545.1100175	4300	8.61338924557	0.0	2176469	20100.3554403	4.3
16547.6812201	750	10.0421866238	0.0	401853	2571.2026218	-2.8
16548.4925218	300	13.2308848719	0.0	137654	811.301751847	-0.15
16549.2966833	300	16.4267234091	0.0	146754	804.161462773	0.3
16550.1670711	300	19.5563355821	0.0	153938	870.387827091	0.3
16551.1458125	300	22.5775942332	0.0	181901	978.741348868	0.3
16551.7824483	300	25.9409583913	0.0	111155	636.635841853	0.3
16552.6425905	300	29.08081624	0.0	153605	860.142151337	0.3
16553.4470076	300	32.2763991311	0.0	149029	804.417108901	0.3
16554.2494872	300	35.4739195616	0.0	157421	802.479569461	0.3
16555.0693916	300	38.6540150829	0.0	157488	819.904478744	0.3
16555.8088587	300	41.91454799	0.0	143881	739.467092897	0.3
16556.6450598	300	45.0783468948	0.0	163444	836.201095224	0.3
16557.6221689	300	48.1012377895	0.0	179328	977.109105303	0.3
16558.537768	300	51.1856387646	0.0	159914	915.599024874	0.3
16559.3128519	300	54.4105548115	0.0	131610	775.08395314	0.3
16559.8547209	300	57.8686857851	0.0	124011	541.869026394	0.3
16571.5012948	4300	50.222111872	0.0	2133870	11646.5739131	0.3
16590.3158369	4300	35.4075698695	0.0	2146120	18814.5420024	4.3
16605.3867976	4300	24.33660917	0.0	2108491	15070.9606996	4.3
16625.3323627	4300	8.3910440288	0.0	2184571	19945.5651412	4.3
16628.0121671	750	9.71123966783	0.0	372093	2679.80436097	-2.8
16629.2863043	300	12.4371023949	0.0	172312	1274.13727295	-0.15
16630.1505288	300	15.5728779368	0.0	167025	864.22445812	0.3
16631.2953696	300	18.4280371535	0.0	160064	1144.84078322	0.3
16633.6223576	300	20.101049085	0.0	137507	2326.98806854	0.3
16635.2861232	300	22.4372835416	0.0	118421	1663.76554343	0.3

