20593.4167153	750	4.0	9.97175099667	450283	9971.75099667	-42.1285292857
20596.9003392	300	4.51637609077	0.0	155580	3483.62390923	-0.15
20599.1853374	300	6.23137787522	0.0	139857	2284.99821555	0.3
20600.9864231	300	8.43029218937	0.0	155432	1801.08568585	0.3
20602.4733086	300	10.9434067425	0.0	163442	1486.88544689	0.3
20603.5718371	300	13.8448781809	0.0	126289	1098.52856153	0.3
20604.7933098	300	16.6234055337	0.0	153295	1221.4726472	0.3
20606.0263342	300	19.3903811492	0.0	173849	1233.02438458	0.3
20607.106937	300	22.3097782732	0.0	150710	1080.60287597	0.3
20608.0205978	300	25.3961175111	0.0	139105	913.660762121	0.3
20609.1010939	300	28.3156213724	0.0	141840	1080.49613868	0.3
20610.2346085	300	31.1821068616	0.0	156148	1133.51451079	0.3
20611.2741765	300	34.1425388107	0.0	160746	1039.56805088	0.3
20612.4264901	300	36.9902251721	0.0	179801	1152.31363867	0.3
20613.2654316	300	40.1512837623	0.0	140051	838.941409722	0.3
20614.269991	300	43.1467242846	0.0	138313	1004.55947771	0.3
20615.2137055	300	46.2030097859	0.0	143509	943.714498712	0.3
20616.1430185	300	49.2736967893	0.0	150616	929.312996615	0.3
20617.1636689	300	52.2530463764	0.0	165384	1020.65041291	0.3
20618.0416882	300	55.3750270907	0.0	140881	878.019285728	0.3
20618.9585586	300	58.4581567137	0.0	157671	916.870376994	0.3
20621.1647497	300	59.5718583621	0.0	157812	886.298351571	0.3
20641.5831072	4300	43.1535008453	0.0	2221506	20418.3575168	0.3
20664.0206452	4300	24.7159628581	0.0	2044075	22437.5379872	4.3
20689.8486869	4300	4.0	1.11207886554	2186790	25828.0417236	-0.481939121804
20691.6716377	750	6.1770491709	0.0	379700	1822.9508291	-2.8
20692.8174153	300	9.0312715683	0.0	181901	1145.7776026	-0.15
20694.013164	300	11.8355228399	0.0	111155	1195.74872844	0.3
20695.6350163	300	14.2136706206	0.0	153605	1621.85221927	0.3
20697.2109356	300	16.6377512535	0.0	149029	1575.91936711	0.3
20698.871092	300	18.97759489	0.0	157421	1660.15636346	0.3
20700.417996	300	21.4306908405	0.0	157488	1546.90404956	0.3
20701.7647609	300	24.0839260149	0.0	143881	1346.76482561	0.3
20703.1625679	300	26.6861189798	0.0	163444	1397.80703508	0.3
20704.8216852	300	29.0270016892	0.0	179328	1659.11729057	0.3
20705.7762472	300	32.0724396482	0.0	159914	954.562041001	0.3
20706.8304535	300	35.0182333654	0.0	131610	1054.20628284	0.3
20707.8817067	300	37.966980172	0.0	124011	1051.25319333	0.3
20709.2010368	300	40.6476501369	0.0	144254	1319.3300351	0.3
20711.0703697	300	42.778317144	0.0	149991	1869.33299293	0.3
20712.1112941	300	45.7373927703	0.0	147968	1040.92437375	0.3
20713.361522	300	48.4871648825	0.0	161857	1250.22788777	0.3
20714.7398134	300	51.1088735377	0.0	145210	1378.29134482	0.3
20716.920618	300	52.9280689119	0.0	172312	2180.80462578	0.3
20719.2912815	300	54.5574053515	0.0	167025	2370.66356044	0.3
20720.9523135	300	56.8963733947	0.0	160064	1661.0319568	0.3
20722.5787941	300	59.2698928101	0.0	137507	1626.48058454	0.3
20723.5429901	300	59.9197633057	0.0	118421	850.12950443	0.3

