504.024750843	750	4.0	6.69110103693	450283	6691.10103693	-28.0217344588
505.863813363	300	6.1609374797	0.0	155580	1839.0625203	-0.15
507.232834885	300	8.79191595836	0.0	139857	1369.02152134	0.3
508.479594215	300	11.5451566284	0.0	155432	1246.75932999	0.3
509.655516555	300	14.3692342874	0.0	163442	1175.92234092	0.3
510.636391209	300	17.3883596336	0.0	126289	980.87465387	0.3
512.290872475	300	19.7338783681	0.0	153295	1654.4812655	0.3
514.492107958	300	21.532642885	0.0	173849	2201.23548309	0.3
515.892197466	300	24.1325533774	0.0	150710	1400.0895076	0.3
517.889067124	300	26.1356837188	0.0	139105	1996.86965856	0.3
520.489482585	300	27.5352682581	0.0	141840	2600.41546068	0.3
524.545737263	300	27.4790135795	0.0	156148	4056.2546786	0.3
528.885625839	300	27.1391250037	0.0	160746	4339.88857583	0.3
533.429908408	300	26.5948424348	0.0	179801	4544.28256892	0.3
538.246794157	300	25.7779566862	0.0	140051	4816.88574857	0.3
543.085343239	300	24.939407604	0.0	138313	4838.54908219	0.3
546.933340054	300	25.0914107891	0.0	143509	3847.99681494	0.3
551.173648934	300	24.851101909	0.0	150616	4240.30888006	0.3
555.101502277	300	24.9232485664	0.0	165384	3927.85334263	0.3
557.785243781	300	26.2395070621	0.0	140881	2683.74150436	0.3
560.416863756	300	27.6078870874	0.0	157671	2631.61997468	0.3
563.157987561	300	28.8667632822	0.0	157812	2741.12380513	0.3
566.535760713	300	29.4889901302	0.0	163927	3377.77315201	0.3
570.235622147	300	29.7891286957	0.0	137654	3699.86143452	0.3
572.798973552	300	31.2257772913	0.0	146754	2563.35140442	0.3
574.012384129	300	34.0123667142	0.0	153938	1213.41057708	0.3
575.235667789	300	36.789083054	0.0	181901	1223.28366026	0.3
575.893365353	300	40.1313854902	0.0	111155	657.697563762	0.3
576.9806313	300	43.0441195428	0.0	153605	1087.26594738	0.3
578.059027287	300	45.9657235558	0.0	149029	1078.39598704	0.3
579.155261109	300	48.8694897343	0.0	157421	1096.2338215	0.3
580.184751405	300	51.8399994383	0.0	157488	1029.49029599	0.3
581.036223534	300	54.9885273088	0.0	143881	851.472129537	0.3
582.050727028	300	57.9740238149	0.0	163444	1014.50349384	0.3
584.311354468	300	59.7133963748	0.0	179328	1260.62744009	0.3
597.672479446	4300	50.352271397	0.0	2143948	13361.1249778	0.3
607.875903069	4300	44.1488477736	0.0	1919781	10203.4236234	4.3
622.63009277	4300	33.3946580725	0.0	2147467	14754.1897011	4.3
635.24699636	4300	24.7777544826	0.0	2133870	12616.90359	4.3
648.473744783	4300	15.55100606	0.0	2146120	13226.7484225	4.3
649.572358067	300	18.4523927756	0.0	147968	1098.61328445	-3.7
650.76242369	300	21.2623271529	0.0	161857	1190.06562274	0.3
651.76946584	300	24.2552850034	0.0	145210	1007.04214946	0.3
653.010382982	300	27.0143678608	0.0	172312	1240.91714261	0.3
654.113382529	300	29.9113683141	0.0	167025	1102.9995467	0.3
655.378683539	300	32.6460673043	0.0	160064	1265.30100983	0.3
656.432302924	300	35.5924479186	0.0	137507	1053.61938567	0.3
657.197305211	300	38.8274456323	0.0	118421	765.002286321	0.3

