12212.9317606	750	4.0	2.73122573458	450283	2731.22573458	-10.9942706587
12213.8952175	300	7.03654310586	0.0	155580	963.456894137	-0.15
12214.8067376	300	10.1250230381	0.0	139857	911.520067767	0.3
12215.8388751	300	13.0928855191	0.0	155432	1032.13751899	0.3
12216.9702797	300	15.961480962	0.0	163442	1131.40455706	0.3
12218.2256176	300	18.7061430081	0.0	126289	1255.33795399	0.3
12221.492598	300	19.4391626325	0.0	153295	3266.98037552	0.3
12224.1691974	300	20.762563276	0.0	173849	2676.5993565	0.3
12225.8941815	300	23.0375791475	0.0	150710	1724.98412849	0.3
12227.5813497	300	25.3504109727	0.0	139105	1687.16817481	0.3
12229.3782066	300	27.55355407	0.0	141840	1796.85690272	0.3
12231.7420229	300	29.1897377733	0.0	156148	2363.81629668	0.3
12234.4214867	300	30.5102739852	0.0	160746	2679.46378814	0.3
12235.8766887	300	33.0550718976	0.0	179801	1455.20208763	0.3
12237.1720604	300	35.7597002887	0.0	140051	1295.37160889	0.3
12238.3237779	300	38.6079827614	0.0	138313	1151.71752723	0.3
12239.4252095	300	41.5065511794	0.0	143509	1101.43158204	0.3
12240.5040981	300	44.4276625141	0.0	150616	1078.88866526	0.3
12241.6124765	300	47.3192841088	0.0	165384	1108.37840533	0.3
12242.5879382	300	50.3438224398	0.0	140881	975.461669027	0.3
12243.7490561	300	53.1827044928	0.0	157671	1161.11794695	0.3
12245.0380923	300	55.8936682942	0.0	157812	1289.03619859	0.3
12246.1953675	300	58.7363931345	0.0	163927	1157.27515979	0.3
12248.9386277	300	59.9931329267	0.0	137654	1743.26020775	0.3
12251.0571402	300	59.787923095	0.0	146754	1205.20983172	0.3
12253.3758526	300	59.7802182629	0.0	153938	1007.70483204	0.3
12270.1173985	4300	47.0386723581	0.0	2395588	16741.5459048	0.3
12281.5721297	4300	39.5839410896	0.0	1972048	11454.7312686	4.3
12293.4225472	4300	31.7335236713	0.0	2134614	11850.4174183	4.3
12302.9803486	4300	26.1757222821	0.0	2164140	9557.8013892	4.3
12311.2866841	4300	21.8693867413	0.0	2113193	8306.33554071	4.3
12319.8240741	4300	17.3319967312	0.0	2147852	8537.39001016	4.3
12328.5029714	4300	12.6530994202	0.0	2191074	8678.89731099	4.3
12330.4903252	750	14.6657456843	0.0	412837	1987.35373588	-2.8
12331.4096726	300	17.746398213	0.0	179328	919.347471346	-0.15
12332.2467315	300	20.9093393741	0.0	159914	837.058838875	0.3
12332.9459205	300	24.2101503682	0.0	131610	699.189005869	0.3
12333.7142532	300	27.4418176583	0.0	124011	768.332709924	0.3
12334.6591213	300	30.4969495517	0.0	144254	944.86810662	0.3
12335.7399221	300	33.4161487317	0.0	149991	1080.80082	0.3
12336.8939025	300	36.2621683761	0.0	147968	1153.98035562	0.3
12337.8348182	300	39.3212526701	0.0	161857	940.915705975	0.3
12338.6730931	300	42.4829776878	0.0	145210	838.274982333	0.3
12339.6152244	300	45.5408464646	0.0	172312	942.131223163	0.3
12340.5433936	300	48.6126772231	0.0	167025	928.169241517	0.3
12341.4097203	300	51.7463505111	0.0	160064	866.326711939	0.3
12342.0786742	300	55.0773966799	0.0	137507	668.953831245	0.3
12342.6683269	300	58.4877439619	0.0	118421	589.65271798	0.3

