668.613125183	750	4.0	11.4158199723	450283	11415.8199723	-48.3380258808
671.436214255	300	5.17691092763	0.0	155580	2823.08907237	-0.15
673.732616767	300	6.8805084157	0.0	139857	2296.40251193	0.3
675.814951121	300	8.79817406209	0.0	155432	2082.33435361	0.3
678.778127455	300	9.83499772823	0.0	163442	2963.17633387	0.3
682.018575528	300	10.5945496546	0.0	126289	3240.44807367	0.3
684.684383794	300	11.9287413892	0.0	153295	2665.80826538	0.3
689.176493924	300	11.4366312587	0.0	173849	4492.11013049	0.3
693.824048219	300	10.7890769639	0.0	150710	4647.55429482	0.3
698.575949189	300	10.0371759939	0.0	139105	4751.90096997	0.3
703.532193358	300	9.08093182491	0.0	141840	4956.24416898	0.3
708.623272445	300	7.98985273811	0.0	156148	5091.0790868	0.3
712.927160091	300	7.68596509203	0.0	160746	4303.88764608	0.3
719.05013134	300	5.5629938431	0.0	179801	6122.97124894	0.3
723.818957859	300	4.79416732377	0.0	140051	4768.82651933	0.3
728.417648868	300	4.19547631482	0.0	138313	4598.69100895	0.3
731.802072325	300	4.81105285796	0.0	143509	3384.42345686	0.3
734.065618889	300	6.54750629437	0.0	150616	2263.54656359	0.3
735.652798616	300	8.96032656646	0.0	165384	1587.17972791	0.3
737.012998169	300	11.6001270144	0.0	140881	1360.19955204	0.3
738.312812191	300	14.3003129915	0.0	157671	1299.81402292	0.3
739.492792723	300	17.1203324595	0.0	157812	1179.98053204	0.3
740.71667106	300	19.8964541228	0.0	163927	1223.87833668	0.3
741.735191854	300	22.8779333285	0.0	137654	1018.52079428	0.3
742.786754941	300	25.8263702415	0.0	146754	1051.56308695	0.3
743.856403681	300	28.7567215019	0.0	153938	1069.64873963	0.3
745.08474865	300	31.528376533	0.0	181901	1228.34496895	0.3
745.821481944	300	34.7916432385	0.0	111155	736.733294433	0.3
746.816928866	300	37.7961963173	0.0	153605	995.446921211	0.3
747.838127995	300	40.7749971876	0.0	149029	1021.19912973	0.3
748.916897302	300	43.6962278809	0.0	157421	1078.76930671	0.3
750.020865676	300	46.5922595069	0.0	157488	1103.96837395	0.3
751.082052718	300	49.5310724646	0.0	143881	1061.18704234	0.3
752.342787066	300	52.2703381167	0.0	163444	1260.73434791	0.3
753.761679159	300	54.8514460237	0.0	179328	1418.892093	0.3
755.020666413	300	57.5924587697	0.0	159914	1258.98725396	0.3
757.025501609	300	59.5717217253	0.0	131610	1020.7370444	0.3
767.961082821	4300	52.6361405134	0.0	2147467	10935.5812119	0.3
778.193792032	4300	46.4034313024	0.0	2133870	10232.709211	4.3
787.022062786	4300	41.5751605488	0.0	2146120	8828.27075362	4.3
796.564426534	4300	36.0327968002	0.0	2108491	9542.36374861	4.3
810.413362549	4300	26.1838607852	0.0	2184571	13848.9360149	4.3
819.059161445	4300	21.5380618896	0.0	2121928	8645.79889562	4.3
828.6760031	4300	15.9212202345	0.0	2219102	9616.8416551	4.3
837.823724904	4300	10.7734984304	0.0	2124950	9147.72180414	4.3
838.531091511	300	14.066131824	0.0	160064	707.366606384	-3.7
839.300787835	300	17.2964354993	0.0	137507	769.696324701	0.3
839.994463068	300	20.6027602661	0.0	118421	693.675233214	0.3

