18274.7522179	750	4.0	4.75162632938	450283	4751.62632938	-19.6819932163
18276.3966728	300	6.3555450833	0.0	155580	1644.4549167	-0.15
18277.8315329	300	8.92068505072	0.0	139857	1434.86003257	0.3
18279.2784876	300	11.4737302987	0.0	155432	1446.95475199	0.3
18280.7108189	300	14.0413990412	0.0	163442	1432.33125756	0.3
18281.7570352	300	16.9951827263	0.0	126289	1046.21631491	0.3
18282.7003678	300	20.0518500747	0.0	153295	943.332651563	0.3
18283.839454	300	22.912763873	0.0	173849	1139.08620165	0.3
18285.226657	300	25.5255608593	0.0	150710	1387.20301377	0.3
18286.6539585	300	28.0982594345	0.0	139105	1427.30142475	0.3
18288.1209867	300	30.6312312464	0.0	141840	1467.02818811	0.3
18289.6272934	300	33.1249245375	0.0	156148	1506.30670892	0.3
18291.6702116	300	35.0820063535	0.0	160746	2042.918184	0.3
18294.2989899	300	36.4532280513	0.0	179801	2628.77830225	0.3
18296.3711492	300	38.3810687432	0.0	140051	2072.15930809	0.3
18298.3710648	300	40.3811531209	0.0	138313	1999.91562228	0.3
18300.2840007	300	42.4682171925	0.0	143509	1912.9359284	0.3
18301.9218358	300	44.8303820624	0.0	150616	1637.8351301	0.3
18303.1184612	300	47.6337567081	0.0	165384	1196.62535429	0.3
18304.1454774	300	50.6067405153	0.0	140881	1027.01619276	0.3
18305.128918	300	53.6232999018	0.0	157671	983.440613502	0.3
18306.1746419	300	56.5775759673	0.0	157812	1045.72393455	0.3
18307.5310562	300	59.2211617468	0.0	163927	1356.41422044	0.3
18327.7719462	4300	42.980271745	0.0	2044075	20240.8900019	0.3
18347.0501523	4300	27.7020656161	0.0	2186790	19278.2061289	4.3
18380.5705109	4300	4.0	5.8182930395	2105231	33520.3586556	-20.7186600699
18388.4013212	750	4.0	3.8308102339	425781	7830.8102339	-19.2724840058
18390.5195532	300	5.88176794253	0.0	111155	2118.23205747	-0.15
18393.0879215	300	7.31339972608	0.0	153605	2568.36821645	0.3
18395.0750791	300	9.32624203527	0.0	149029	1987.15769081	0.3
18396.9537919	300	11.4475292454	0.0	157421	1878.71278982	0.3
18398.8332703	300	13.5680509049	0.0	157488	1879.47834052	0.3
18401.3730597	300	15.0282615161	0.0	143881	2539.78938888	0.3
18404.6743876	300	15.7269335329	0.0	163444	3301.32798319	0.3
18408.3288059	300	16.0725152754	0.0	179328	3654.41825748	0.3
18410.74412	300	17.6572012251	0.0	159914	2415.31405028	0.3
18411.9803332	300	20.4209880179	0.0	131610	1236.21320718	0.3
18412.9624579	300	23.4388633286	0.0	124011	982.124689312	0.3
18414.1857052	300	26.2156160314	0.0	144254	1223.24729722	0.3
18415.59205	300	28.8092711988	0.0	149991	1406.34483258	0.3
18417.1088139	300	31.2925072832	0.0	147968	1516.76391557	0.3
18418.7138728	300	33.6874483841	0.0	161857	1605.05889912	0.3
18419.8333801	300	36.5679410842	0.0	145210	1119.50729992	0.3
18421.2941576	300	39.1071636024	0.0	172312	1460.77748185	0.3
18422.760299	300	41.6410222071	0.0	167025	1466.14139529	0.3
18424.5098472	300	43.8914739629	0.0	160064	1749.54824418	0.3
18425.9605009	300	46.4408203022	0.0	137507	1450.65366066	0.3
18427.2243451	300	49.17697605	0.0	118421	1263.84425221	0.3

