10974.553407	750	4.0	3.47869408817	450283	3478.69408817	-14.2083845791
10975.7585341	300	6.79487283228	0.0	155580	1205.12716772	-0.15
10976.5657273	300	9.98767969455	0.0	139857	807.193137729	0.3
10977.4264577	300	13.1269492389	0.0	155432	860.730455605	0.3
10978.3440572	300	16.2093497717	0.0	163442	917.599467211	0.3
10979.177463	300	19.3759439182	0.0	126289	833.405853497	0.3
10980.2550737	300	22.2983332405	0.0	153295	1077.61067779	0.3
10981.3857055	300	25.1677014263	0.0	173849	1130.63181413	0.3
10982.315033	300	28.2383739974	0.0	150710	929.327428886	0.3
10983.2047195	300	31.348687491	0.0	139105	889.686506469	0.3
10984.1782331	300	34.375173904	0.0	141840	973.513587015	0.3
10985.5033756	300	37.0500313666	0.0	156148	1325.14253736	0.3
10987.2050883	300	39.3483186665	0.0	160746	1701.71270012	0.3
10988.7558007	300	41.7976063008	0.0	179801	1550.7123657	0.3
10990.0904596	300	44.4629473577	0.0	140051	1334.6589431	0.3
10991.6563698	300	46.8970371492	0.0	138313	1565.91020845	0.3
10993.6876595	300	48.8657474104	0.0	143509	2031.28973881	0.3
10996.042373	300	50.5110339419	0.0	150616	2354.71346847	0.3
10999.0003501	300	51.5530568312	0.0	165384	2957.97711071	0.3
11001.2298879	300	53.3235191064	0.0	140881	2229.53772484	0.3
11003.4974805	300	55.055926409	0.0	157671	2267.59269738	0.3
11005.5819759	300	56.9714310472	0.0	157812	2084.4953618	0.3
11008.5156757	300	58.0377312788	0.0	163927	2933.6997684	0.3
11011.8027368	300	58.7506701819	0.0	137654	3287.06109693	0.3
11014.5093508	300	59.6163751283	0.0	146754	2134.2950536	0.3
11018.0862739	300	59.8640730775	0.0	153938	2752.30205074	0.3
11019.9050439	300	59.6819985396	0.0	181901	1182.07453791	0.3
11042.243387	4300	41.3436554432	0.0	1972048	22338.3430964	0.3
11060.3781388	4300	27.2089036577	0.0	2134614	18134.7517855	4.3
11079.824219	4300	11.7628234494	0.0	2164140	19446.0802083	4.3
11081.4172029	300	14.1698396077	0.0	157421	1592.98384177	-3.7
11083.1802465	300	16.4067959933	0.0	157488	1763.04361436	0.3
11084.9277751	300	18.6592673995	0.0	143881	1747.52859382	0.3
11086.927051	300	20.6599914666	0.0	163444	1999.27593292	0.3
11088.8225863	300	22.764456128	0.0	179328	1895.53533857	0.3
11090.5505989	300	25.0364435534	0.0	159914	1728.01257459	0.3
11091.9792111	300	27.6078314242	0.0	131610	1428.61212919	0.3
11093.3116072	300	30.2754353107	0.0	124011	1332.39611355	0.3
11094.8128663	300	32.7741761872	0.0	144254	1501.25912346	0.3
11096.344427	300	35.2426154634	0.0	149991	1531.56072386	0.3
11098.1369497	300	37.4500927939	0.0	147968	1792.52266951	0.3
11100.1118062	300	39.475236229	0.0	161857	1974.85656488	0.3
11101.784088	300	41.802954478	0.0	145210	1672.281751	0.3
11103.7275752	300	43.8594672666	0.0	172312	1943.48721135	0.3
11105.4264366	300	46.1606058308	0.0	167025	1698.86143585	0.3
11106.8566434	300	48.7303990968	0.0	160064	1430.20673403	0.3
11108.3528278	300	51.2342146388	0.0	137507	1496.18445794	0.3
11109.3941921	300	54.1928503863	0.0	118421	1041.36425255	0.3

