5160.02792297	750	4.0	4.04361219484	450283	4043.61219484	-16.6375324378
5161.68438138	300	6.34354159289	0.0	155580	1656.45840711	-0.15
5162.9530725	300	9.07485046515	0.0	139857	1268.69112774	0.3
5164.13103722	300	11.8968857443	0.0	155432	1177.96472081	0.3
5165.24115923	300	14.7867637347	0.0	163442	1110.12200969	0.3
5166.016025	300	18.0118979691	0.0	126289	774.865765556	0.3
5167.0331912	300	20.9947317681	0.0	153295	1017.16620098	0.3
5168.47554829	300	23.5523746738	0.0	173849	1442.35709435	0.3
5170.19331162	300	25.8346113474	0.0	150710	1717.76332635	0.3
5171.83368713	300	28.1942358401	0.0	139105	1640.37550737	0.3
5173.39276758	300	30.6351553934	0.0	141840	1559.08044668	0.3
5174.89643861	300	33.1314843545	0.0	156148	1503.67103889	0.3
5176.90643328	300	35.1214896936	0.0	160746	2009.99466093	0.3
5179.4148235	300	36.6130994694	0.0	179801	2508.39022413	0.3
5181.32405815	300	38.7038648179	0.0	140051	1909.2346515	0.3
5183.14530692	300	40.8826160491	0.0	138313	1821.24876886	0.3
5184.74978154	300	43.2781414283	0.0	143509	1604.47462081	0.3
5186.07135944	300	45.9565635291	0.0	150616	1321.5778992	0.3
5187.11857578	300	48.9093471905	0.0	165384	1047.21633853	0.3
5188.02830891	300	51.9996140588	0.0	140881	909.733131772	0.3
5189.03188597	300	54.9960369961	0.0	157671	1003.57706269	0.3
5190.25988507	300	57.7680378947	0.0	157812	1227.99910142	0.3
5192.14156582	300	59.8863571483	0.0	163927	1381.68074635	0.3
5211.046835	4300	44.9810879676	0.0	2044075	18905.2691807	0.3
5236.21958206	4300	23.8083409052	0.0	2186790	25172.7470625	4.3
5262.03710727	4300	4.0	2.00918430521	2105231	25817.5252104	-4.33949251239
5269.66679333	750	4.0	3.62968605726	425781	7629.68605726	-18.4076500462
5270.36352886	300	7.30326446794	0.0	111155	696.735532062	-0.15
5271.33759139	300	10.3292019422	0.0	153605	974.062525785	0.3
5272.0511007	300	13.6156926305	0.0	149029	713.509311634	0.3
5272.69894689	300	16.9678464408	0.0	157421	647.846189762	0.3
5273.34703476	300	20.3197585698	0.0	157488	648.087870953	0.3
5273.94603971	300	23.7207536236	0.0	143881	599.004946158	0.3
5274.68673931	300	26.9800540258	0.0	163444	740.699597797	0.3
5275.51426953	300	30.1525238016	0.0	179328	827.530224258	0.3
5276.2485563	300	33.4182370298	0.0	159914	734.286771807	0.3
5276.85108219	300	36.8157111397	0.0	131610	602.525890062	0.3
5277.38906533	300	40.2777279993	0.0	124011	537.983140459	0.3
5278.11648573	300	43.5503075975	0.0	144254	727.420401751	0.3
5278.89980157	300	46.7669917604	0.0	149991	783.315837158	0.3
5279.61386736	300	50.0529259675	0.0	147968	714.065792844	0.3
5280.45103118	300	53.2157621471	0.0	161857	837.163820453	0.3
5281.21284181	300	56.4539515166	0.0	145210	761.81063044	0.3
5282.0318085	300	59.6349848283	0.0	172312	818.966688293	0.3
5289.22632267	4300	56.4404706655	0.0	2124950	7194.51416282	0.3
5307.02166128	4300	42.6451320504	0.0	2246506	17795.3386151	4.3
5314.60220197	4300	39.0645913649	0.0	1961140	7580.54068546	4.3
5322.9821917	4300	34.6846016316	0.0	2155012	8379.98973332	4.3

