20890.9714137	750	4.0	2.3226168467	450283	2322.6168467	-9.23725244082
20891.987261	300	6.98415271075	0.0	155580	1015.84728925	-0.15
20893.1253328	300	9.84608087865	0.0	139857	1138.0718321	0.3
20894.2757304	300	12.6956833119	0.0	155432	1150.39756675	0.3
20895.4283112	300	15.5431024408	0.0	163442	1152.5808711	0.3
20896.2390964	300	18.7323172387	0.0	126289	810.785202064	0.3
20897.270968	300	21.700445665	0.0	153295	1031.87157371	0.3
20898.5293138	300	24.4420998753	0.0	173849	1258.34578971	0.3
20899.8293899	300	27.1420237651	0.0	150710	1300.07611026	0.3
20901.0796194	300	29.8917943214	0.0	139105	1250.22944366	0.3
20902.3901991	300	32.5812145549	0.0	141840	1310.57976653	0.3
20904.0902846	300	34.8811290558	0.0	156148	1700.08549902	0.3
20905.5951089	300	37.3763047945	0.0	160746	1504.82426137	0.3
20908.2532746	300	38.7181390471	0.0	179801	2658.1657474	0.3
20910.5073478	300	40.4640659294	0.0	140051	2254.07311767	0.3
20914.1927674	300	40.7786462971	0.0	138313	3685.4196323	0.3
20917.4213484	300	41.550065282	0.0	143509	3228.58101513	0.3
20918.87163	300	44.0997836838	0.0	150616	1450.28159813	0.3
20920.4214901	300	46.5499235657	0.0	165384	1549.86011817	0.3
20921.5923743	300	49.3790393685	0.0	140881	1170.88419715	0.3
20922.8247778	300	52.1466359302	0.0	157671	1232.40343834	0.3
20924.1960685	300	54.775345226	0.0	157812	1371.29070418	0.3
20925.5147637	300	57.4566499536	0.0	163927	1318.69527244	0.3
20927.2088019	300	59.632614261	0.0	137654	1324.03569255	0.3
20946.7119229	4300	44.1294932438	0.0	2186790	19503.1210172	0.3
20962.8749635	4300	31.9664526804	0.0	2105231	16163.0405634	4.3
20988.6130555	4300	10.2283607205	0.0	2395588	25738.0919599	4.3
20989.3256535	300	13.515762649	0.0	111155	712.598071465	-3.7
20990.2626684	300	16.5787478205	0.0	153605	937.014828467	0.3
20991.029918	300	19.8114981581	0.0	149029	767.249662389	0.3
20991.9896797	300	22.8517364557	0.0	157421	959.761702447	0.3
20992.9498159	300	25.8916003176	0.0	157488	960.136138095	0.3
20993.8463518	300	28.9950644249	0.0	143881	896.53589266	0.3
20994.9385181	300	31.9028980409	0.0	163444	1092.16638407	0.3
20996.1001124	300	34.7413037325	0.0	179328	1161.5943084	0.3
20997.1738139	300	37.6676022843	0.0	159914	1073.70144812	0.3
20998.0301548	300	40.8112614144	0.0	131610	856.340869973	0.3
20998.8309848	300	44.0104313447	0.0	124011	800.830069663	0.3
20999.8130864	300	47.0283297553	0.0	144254	982.101589417	0.3
21000.8736255	300	49.9677906975	0.0	149991	1060.53905775	0.3
21002.240252	300	52.6011641969	0.0	147968	1366.62650061	0.3
21004.0478862	300	54.7935299951	0.0	161857	1807.63420185	0.3
21005.7101298	300	57.1312863675	0.0	145210	1662.24362761	0.3
21007.4978944	300	59.3435218053	0.0	172312	1787.76456217	0.3
21009.7318754	300	59.9810787247	0.0	167025	1362.44308057	0.3
21026.0761659	4300	47.6367883233	0.0	2246506	16344.2904014	0.3
21038.5326604	4300	39.1802937905	0.0	1961140	12456.4945328	4.3
21050.1326512	4300	31.5803029606	0.0	2155012	11599.9908299	4.3

