8010.68370019	750	4.0	4.31671820769	450283	4316.71820769	-17.8118882931
8011.47910822	300	7.2045919716	0.0	155580	795.408028405	-0.15
8012.49184911	300	10.1918510854	0.0	139857	1012.74088624	0.3
8013.4265292	300	13.257170995	0.0	155432	934.680090312	0.3
8014.42386552	300	16.259834671	0.0	163442	997.336324045	0.3
8015.3608298	300	19.322870393	0.0	126289	936.964277957	0.3
8016.55374454	300	22.1299556558	0.0	153295	1192.91473722	0.3
8017.82783539	300	24.8558648006	0.0	173849	1274.09085526	0.3
8019.35837501	300	27.32532518	0.0	150710	1530.53962053	0.3
8020.91094379	300	29.7727563999	0.0	139105	1552.56878015	0.3
8022.36535526	300	32.3183449296	0.0	141840	1454.41147027	0.3
8023.64743824	300	35.0362619469	0.0	156148	1282.08298267	0.3
8024.98533912	300	37.6983610744	0.0	160746	1337.90087248	0.3
8026.94019656	300	39.7435036277	0.0	179801	1954.85744678	0.3
8029.04401422	300	41.639685974	0.0	140051	2103.81765369	0.3
8030.90834744	300	43.775352756	0.0	138313	1864.33321801	0.3
8033.13139088	300	45.5523093113	0.0	143509	2223.04344467	0.3
8035.72294401	300	46.960756186	0.0	150616	2591.55312527	0.3
8038.29346531	300	48.3902348863	0.0	165384	2570.52129969	0.3
8040.08048831	300	50.6032118788	0.0	140881	1787.02300751	0.3
8042.13169481	300	52.5520053864	0.0	157671	2051.20649246	0.3
8043.78746474	300	54.8962354545	0.0	157812	1655.76993187	0.3
8045.40344694	300	57.280253247	0.0	163927	1615.98220754	0.3
8046.80684741	300	59.8768527803	0.0	137654	1403.40046666	0.3
8049.00239492	300	59.8940117224	0.0	146754	1482.84105791	0.3
8050.86353957	300	59.9247925997	0.0	153938	1469.2191227	0.3
8053.57779554	300	59.5286274456	0.0	181901	1896.16515407	0.3
8055.75191378	300	59.7506136736	0.0	111155	1278.01377197	0.3
8059.80807882	300	59.6944486361	0.0	153605	3556.16503753	0.3
8062.12750865	300	59.6758684798	0.0	149029	1518.58015634	0.3
8065.84099282	300	59.9623843032	0.0	157421	2213.48417654	0.3
8069.7512891	300	59.5094031372	0.0	157488	2952.98116604	0.3
8073.7226031	300	59.5380891348	0.0	143881	1971.31400238	0.3
8077.73901171	300	59.5216805292	0.0	163444	4016.40860561	0.3
8081.19426802	300	59.9115712153	0.0	179328	2110.1093139	0.3
8103.26950811	4300	41.8363311265	0.0	2143948	22075.2400888	0.3
8116.84936179	4300	32.2564774441	0.0	1919781	13579.8536824	4.3
8130.16873142	4300	22.93710782	0.0	2147467	13319.3696241	4.3
8141.37609223	4300	15.7297470077	0.0	2133870	11207.3608123	4.3
8142.26331648	300	18.8425227563	0.0	149991	887.224251375	-3.7
8143.14795082	300	21.9578884165	0.0	147968	884.634339811	0.3
8144.00857471	300	25.0972645253	0.0	161857	860.623891139	0.3
8144.85082276	300	28.2550164818	0.0	145210	842.248043565	0.3
8145.78016201	300	31.3256772278	0.0	172312	929.339253988	0.3
8146.56577961	300	34.5400596294	0.0	167025	785.617598387	0.3
8147.31900903	300	37.7868302115	0.0	160064	753.229417905	0.3
8148.07973956	300	41.0260996813	0.0	137507	760.730530207	0.3
8148.74370714	300	44.3621320978	0.0	118421	663.967583494	0.3

