14133.7099237	750	4.0	4.49209696826	450283	4492.09696826	-18.5660169635
14135.1084006	300	6.60152316047	0.0	155580	1398.47683953	-0.15
14136.2917395	300	9.41818427333	0.0	139857	1183.33888714	0.3
14137.6107548	300	12.0991689252	0.0	155432	1319.01534812	0.3
14139.0180076	300	14.6919161258	0.0	163442	1407.25279946	0.3
14140.1888653	300	17.5210584579	0.0	126289	1170.85766781	0.3
14141.6056356	300	20.1042881443	0.0	153295	1416.77031363	0.3
14143.2471972	300	22.4627265342	0.0	173849	1641.56161012	0.3
14144.6795215	300	25.0304022152	0.0	150710	1432.32431904	0.3
14145.9309271	300	27.7789966162	0.0	139105	1251.40559897	0.3
14147.1135977	300	30.596326046	0.0	141840	1182.67057017	0.3
14148.5963999	300	33.1135238292	0.0	156148	1482.80221681	0.3
14149.9641313	300	35.7457924055	0.0	160746	1367.7314237	0.3
14151.6154441	300	38.0944796099	0.0	179801	1651.31279565	0.3
14152.769151	300	40.9407727388	0.0	140051	1153.70687107	0.3
14154.1607317	300	43.5491920155	0.0	138313	1391.58072328	0.3
14155.4221524	300	46.2877713702	0.0	143509	1261.42064527	0.3
14156.6976504	300	49.0122733664	0.0	150616	1275.49800381	0.3
14158.2463713	300	51.463552449	0.0	165384	1548.72091745	0.3
14159.7229864	300	53.9869373693	0.0	140881	1476.61507967	0.3
14161.5361807	300	56.1737430341	0.0	157671	1813.19433522	0.3
14163.3260728	300	58.3838509524	0.0	157812	1789.89208167	0.3
14166.0900579	300	59.619865843	0.0	163927	1763.98510939	0.3
14168.3188086	300	59.8516060713	0.0	137654	1768.25977169	0.3
14170.8431212	300	59.9346951914	0.0	146754	1916.91087995	0.3
14175.0498204	300	59.7279960043	0.0	153938	2206.69918705	0.3
14178.9184749	300	59.8593414604	0.0	181901	3868.65454388	0.3
14181.4339328	300	59.7979902608	0.0	111155	2061.35119962	0.3
14184.0437857	300	59.6251172485	0.0	153605	1672.87301236	0.3
14186.3998015	300	59.9055992108	0.0	149029	1719.51803768	0.3
14188.6100302	300	59.7537337248	0.0	157421	2151.865486	0.3
14192.1939897	300	59.9859356323	0.0	157488	2267.79809249	0.3
14194.6523203	300	59.7848510644	0.0	143881	2201.08456789	0.3
14198.7433853	300	59.6937860628	0.0	163444	2591.06500161	0.3
14202.8279676	300	59.6092037403	0.0	179328	3084.58232251	0.3
14206.2572272	300	59.7860205522	0.0	159914	3323.18318805	0.3
14207.9674192	300	59.5889627027	0.0	131610	1697.05784954	0.3
14209.7554819	300	59.8114985567	0.0	124011	1277.464146	0.3
14212.5000579	300	59.9395098103	0.0	144254	1371.98874644	0.3
14214.552158	300	59.5997532988	0.0	149991	1339.75651149	0.3
14233.8904686	4300	44.2614427189	0.0	2108491	19338.3105798	0.3
14253.3798857	4300	28.7720256026	0.0	2184571	19489.4171164	4.3
14281.1244821	4300	5.02742918976	0.0	2121928	27744.5964128	4.3
14286.4892188	750	4.0	0.33730744667	438281	5364.73663643	-4.25042202068
14288.7434618	300	5.74575696907	0.0	167025	2254.24303093	-0.15
14291.0326362	300	7.45658256174	0.0	160064	2289.17440733	0.3
14292.9498967	300	9.53932205842	0.0	137507	1917.26050332	0.3
14294.9351679	300	11.5540508773	0.0	118421	1985.27118109	0.3

