22020.1566457	750	4.0	2.32293553766	450283	2322.93553766	-9.23862281192
22021.2345359	300	6.92210983062	0.0	155580	1077.89016938	-0.15
22022.7554843	300	9.4011613788	0.0	139857	1520.94845182	0.3
22024.2212298	300	11.9354158816	0.0	155432	1465.74549718	0.3
22025.5835677	300	14.5730780381	0.0	163442	1362.33784356	0.3
22026.4635741	300	17.6930715946	0.0	126289	880.00644349	0.3
22027.6422523	300	20.514393389	0.0	153295	1178.6782056	0.3
22028.9646237	300	23.1920219749	0.0	173849	1322.37141407	0.3
22029.993709	300	26.1629367441	0.0	150710	1029.08523084	0.3
22030.9326001	300	29.2240455928	0.0	139105	938.891151269	0.3
22031.8813209	300	32.2753248264	0.0	141840	948.720766369	0.3
22032.9191197	300	35.2375260176	0.0	156148	1037.79880881	0.3
22034.0978002	300	38.0588455004	0.0	160746	1178.68051727	0.3
22035.2902903	300	40.8663554482	0.0	179801	1192.49005217	0.3
22036.2852546	300	43.8713911254	0.0	140051	994.96432282	0.3
22037.2797452	300	46.8769005003	0.0	138313	994.490625057	0.3
22038.3966857	300	49.7599600024	0.0	143509	1116.94049794	0.3
22039.7825553	300	52.3740904011	0.0	150616	1385.8696013	0.3
22041.0507298	300	55.1059159607	0.0	165384	1268.17444033	0.3
22042.2034326	300	57.9532131669	0.0	140881	1152.70279386	0.3
22044.3836184	300	59.6129815126	0.0	157671	1340.23165423	0.3
22046.4951015	300	59.7122170499	0.0	157812	1400.76446276	0.3
22048.7775466	300	59.5463537676	0.0	163927	1165.86328231	0.3
22066.1502715	4300	46.1736289028	0.0	2044075	17372.7248648	0.3
22078.8035661	4300	37.5203343165	0.0	2186790	12653.2945863	4.3
22092.7690637	4300	27.5548366911	0.0	2105231	13965.4976255	4.3
22102.6367641	4300	21.687136254	0.0	2395588	9867.70043705	4.3
22110.811139	4300	17.5127614194	0.0	1972048	8174.37483463	4.3
22119.3802584	4300	12.9436419585	0.0	2134614	8569.11946088	4.3
22121.046883	750	15.2770174116	0.0	400508	1666.62454692	-2.8
22121.7978736	300	18.5260268268	0.0	157421	750.990584739	-0.15
22122.5321325	300	21.7917678535	0.0	157488	734.258973321	0.3
22123.1485892	300	25.175311181	0.0	143881	616.45667251	0.3
22123.7874231	300	28.5364773272	0.0	163444	638.833853799	0.3
22124.5366823	300	31.7872180512	0.0	179328	749.259276005	0.3
22125.2785693	300	35.0453310429	0.0	159914	741.887008286	0.3
22125.9104636	300	38.4134368158	0.0	131610	631.894227079	0.3
22126.503434	300	41.820466347	0.0	124011	592.970468872	0.3
22127.1091464	300	45.2147539679	0.0	144254	605.712379085	0.3
22127.7917436	300	48.5321568159	0.0	149991	682.597152025	0.3
22128.5109279	300	51.8129725032	0.0	147968	719.184312682	0.3
22129.3520197	300	54.9718806535	0.0	161857	841.091849646	0.3
22130.0881571	300	58.2357432875	0.0	145210	736.13736601	0.3
22131.1184757	300	59.5041800866	0.0	172312	731.563200919	0.3
22142.2739133	4300	52.3487425486	0.0	2124950	11155.437538	0.3
22156.3276212	4300	42.2950346046	0.0	2246506	14053.7079439	4.3
22166.5624137	4300	36.0602421	0.0	1961140	10234.7925046	4.3
22179.4200801	4300	27.2025757174	0.0	2155012	12857.6663826	4.3

