17978.7072472	750	4.0	0.887283662463	450283	887.283662463	-3.06531974859
17979.0870308	300	7.620216377	0.0	155580	379.783623002	-0.15
17979.4392576	300	11.2679895392	0.0	139857	352.226837824	0.3
17979.824674	300	14.8825731919	0.0	155432	385.416347308	0.3
17980.2270011	300	18.4802460375	0.0	163442	402.32715434	0.3
17980.5562464	300	22.1510007862	0.0	126289	329.245251371	0.3
17980.9372261	300	25.7700210996	0.0	153295	380.979686514	0.3
17981.3683569	300	29.3388902116	0.0	173849	431.130888038	0.3
17981.7521748	300	32.9550723405	0.0	150710	383.817871084	0.3
17982.1150149	300	36.5922322161	0.0	139105	362.840124465	0.3
17982.5015601	300	40.2056870341	0.0	141840	386.545181958	0.3
17982.9316665	300	43.7755806897	0.0	156148	430.106344396	0.3
17983.3801761	300	47.3270710951	0.0	160746	448.509594577	0.3
17983.8655219	300	50.8417252913	0.0	179801	485.345803859	0.3
17984.2470124	300	54.4602347211	0.0	140051	381.490570145	0.3
17988.4940474	4300	54.2131997362	0.0	2152483	4247.03498489	0.3
17993.3930042	4300	53.3142429409	0.0	2289689	4898.95679531	4.3
17997.7952805	4300	52.91196662	0.0	2059512	4402.27632091	4.3
18003.1868866	4300	51.5203605553	0.0	2220726	5391.60606466	4.3
18008.4804688	4300	50.2267783464	0.0	2156729	5293.58220896	4.3
18013.0202561	4300	49.6869910068	0.0	2039773	4539.78733953	4.3
18030.0871522	4300	36.6200949739	0.0	2176469	17066.896033	4.3
18041.7203111	4300	28.9869360321	0.0	2221506	11633.1589417	4.3
18047.9238608	4300	26.783386356	0.0	2044075	6203.54967612	4.3
18054.0685167	4300	24.63873047	0.0	2186790	6144.655886	4.3
18063.0426981	4300	19.6645490515	0.0	2105231	8974.18141849	4.3
18071.2731137	4300	15.4341334809	0.0	2395588	8230.4155706	4.3
18071.7140501	300	18.9931970172	0.0	111155	440.936463765	-3.7
18072.3157302	300	22.3915169902	0.0	153605	601.680026971	0.3
18072.9050795	300	25.8021676128	0.0	149029	589.349377366	0.3
18073.4842592	300	29.2229879856	0.0	157421	579.179627228	0.3
18074.0788983	300	32.6283488459	0.0	157488	594.639139689	0.3
18074.6944214	300	36.0128257789	0.0	143881	615.523067053	0.3
18075.4561176	300	39.2511295733	0.0	163444	761.696205607	0.3
18076.2286494	300	42.4785977406	0.0	179328	772.531832662	0.3
18076.9246085	300	45.7826386281	0.0	159914	695.959112483	0.3
18077.5144665	300	49.1927807026	0.0	131610	589.857925535	0.3
18078.091936	300	52.6153111838	0.0	124011	577.46951877	0.3
18078.7637293	300	55.9435178462	0.0	144254	671.793337607	0.3
18079.4535823	300	59.2536648128	0.0	149991	689.853033367	0.3
18086.1346013	4300	56.5726459031	0.0	2108491	6681.01890977	0.3
18092.7165246	4300	53.990722542	0.0	2184571	6581.92336109	4.3
18097.601517	4300	53.1057301521	0.0	2121928	4884.99238985	4.3
18102.5986815	4300	52.108565609	0.0	2219102	4997.16454315	4.3
18107.5307	4300	51.1765471947	0.0	2124950	4932.01841426	4.3
18112.6717841	4300	50.0354630146	0.0	2246506	5141.08418013	4.3
18117.020367	4300	49.6868801566	0.0	1961140	4348.58285799	4.3
18121.8703128	4300	48.8369344001	0.0	2155012	4849.94575649	4.3

