17389.5667221	750	4.0	5.77532133814	450283	5775.32133814	-24.083881754
17390.8838819	300	6.68284025513	0.0	155580	1317.15974487	-0.15
17392.0010134	300	9.56570872497	0.0	139857	1117.13153016	0.3
17393.2536788	300	12.313043392	0.0	155432	1252.66533293	0.3
17394.6400784	300	14.926643771	0.0	163442	1386.39962104	0.3
17395.7155462	300	17.8511759078	0.0	126289	1075.4678632	0.3
17397.0438146	300	20.5229075714	0.0	153295	1328.26833643	0.3
17398.5814886	300	22.9852335238	0.0	173849	1537.67404755	0.3
17400.4033472	300	25.1633749513	0.0	150710	1821.85857252	0.3
17402.180722	300	27.386000138	0.0	139105	1777.3748133	0.3
17403.8832812	300	29.6834409795	0.0	141840	1702.55915852	0.3
17405.2319571	300	32.3347650051	0.0	156148	1348.67597443	0.3
17406.4954177	300	35.0713044164	0.0	160746	1263.46058868	0.3
17408.0768114	300	37.489910723	0.0	179801	1581.3936934	0.3
17409.7194871	300	39.8472350158	0.0	140051	1642.67570715	0.3
17411.6515791	300	41.9151430868	0.0	138313	1932.09192904	0.3
17413.44206	300	44.1246621897	0.0	143509	1790.48089712	0.3
17414.6197277	300	46.9469943927	0.0	150616	1177.66779699	0.3
17415.8288363	300	49.7378858119	0.0	165384	1209.1085808	0.3
17416.8666657	300	52.7000564297	0.0	140881	1037.8293822	0.3
17418.7571735	300	54.8095486403	0.0	157671	1890.50778938	0.3
17420.1205368	300	57.4461853453	0.0	157812	1363.36329503	0.3
17421.8349013	300	59.7135710782	0.0	163927	1232.61426708	0.3
17446.4234705	4300	39.1250018551	0.0	2044075	24588.5692231	0.3
17474.2219614	4300	15.3265109464	0.0	2186790	27798.4909087	4.3
17476.7306651	300	16.8178072634	0.0	153938	2508.70368303	-3.7
17479.4801751	300	18.0682973093	0.0	181901	2749.50995406	0.3
17481.1456446	300	20.4028277795	0.0	111155	1665.46952981	0.3
17483.6578941	300	21.8905782991	0.0	153605	2512.24948043	0.3
17486.2384343	300	23.3100381093	0.0	149029	2580.54018977	0.3
17488.7595102	300	24.7889622166	0.0	157421	2521.07589266	0.3
17491.1468074	300	26.4016650111	0.0	157488	2387.29720549	0.3
17493.3273115	300	28.2211608635	0.0	143881	2180.50414768	0.3
17496.0871986	300	29.4612737437	0.0	163444	2759.88711971	0.3
17499.3243821	300	30.2240902655	0.0	179328	3237.18347825	0.3
17501.9202074	300	31.628265004	0.0	159914	2595.82526153	0.3
17503.841266	300	33.7072064404	0.0	131610	1921.05856351	0.3
17505.6484539	300	35.9000184883	0.0	124011	1807.18795216	0.3
17507.5094168	300	38.0390555838	0.0	144254	1860.96290453	0.3
17509.5045544	300	40.043918006	0.0	149991	1995.13757774	0.3
17511.7150335	300	41.833438924	0.0	147968	2210.479082	0.3
17514.3739052	300	43.1745672211	0.0	161857	2658.87170294	0.3
17516.6997324	300	44.8487399465	0.0	145210	2325.82727457	0.3
17518.8466874	300	46.7017850162	0.0	172312	2146.95493027	0.3
17520.1910669	300	49.3574055061	0.0	167025	1344.37951009	0.3
17521.4827516	300	52.0657207769	0.0	160064	1291.68472925	0.3
17522.7457093	300	54.802763119	0.0	137507	1262.9576579	0.3
17523.909249	300	57.6392233962	0.0	118421	1163.53972283	0.3

