22186.0230212	750	4.0	6.6029411042	450283	6602.9411042	-27.6426467481
22187.6442694	300	6.37875183142	0.0	155580	1621.24816858	-0.15
22189.2792602	300	8.74376103748	0.0	139857	1634.99079394	0.3
22191.2411994	300	10.7818217939	0.0	155432	1961.93924357	0.3
22193.2791506	300	12.7438706393	0.0	163442	2037.95115457	0.3
22195.0025042	300	15.020516988	0.0	126289	1723.35365137	0.3
22197.9750798	300	16.0479414575	0.0	153295	2972.57553045	0.3
22199.7690077	300	18.2540134934	0.0	173849	1793.92796413	0.3
22201.3742075	300	20.6488137453	0.0	150710	1605.19974806	0.3
22203.1170882	300	22.90593303	0.0	139105	1742.88071531	0.3
22204.7435252	300	25.2794960373	0.0	141840	1626.43699276	0.3
22206.121397	300	27.9016242354	0.0	156148	1377.87180185	0.3
22207.3396212	300	30.6833999958	0.0	160746	1218.22423965	0.3
22208.5893856	300	33.4336356102	0.0	179801	1249.76438559	0.3
22209.4708823	300	36.5521389583	0.0	140051	881.496651862	0.3
22210.6011583	300	39.4218629074	0.0	138313	1130.27605095	0.3
22211.8809212	300	42.142100064	0.0	143509	1279.76284335	0.3
22213.2127731	300	44.8102481393	0.0	150616	1331.85192468	0.3
22214.6722693	300	47.3507519281	0.0	165384	1459.49621125	0.3
22216.0201784	300	50.0028428656	0.0	140881	1347.90906248	0.3
22217.2507683	300	52.7722529006	0.0	157671	1230.58996502	0.3
22218.549838	300	55.4731832066	0.0	157812	1299.069694	0.3
22219.9895038	300	58.0335174307	0.0	163927	1439.66577589	0.3
22222.1625557	300	59.8604655695	0.0	137654	1173.05186121	0.3
22240.8162514	4300	45.2067697876	0.0	2186790	18653.6957818	0.3
22257.784485	4300	32.2385362366	0.0	2105231	16968.2335511	4.3
22287.5111206	4300	6.51190062681	0.0	2395588	29726.6356098	4.3
22289.315511	750	8.70751027	0.0	277716	1804.39035681	-2.8
22290.7379742	300	11.2850470289	0.0	153605	1422.46324108	-0.15
22292.1204445	300	13.9025767034	0.0	149029	1382.47032554	0.3
22293.5762585	300	16.4467627268	0.0	157421	1455.81397659	0.3
22295.032658	300	18.9903631896	0.0	157488	1456.39953719	0.3
22296.4147995	300	21.6082217218	0.0	143881	1382.14146781	0.3
22298.2421596	300	23.7808616153	0.0	163444	1827.36010646	0.3
22300.2940652	300	25.7289560143	0.0	179328	2051.905601	0.3
22304.260495	300	25.7625262542	0.0	159914	3966.42976014	0.3
22307.366902	300	26.6561192071	0.0	131610	3106.40704714	0.3
22310.0967318	300	27.926289422	0.0	124011	2729.82978505	0.3
22313.0776591	300	28.9453621534	0.0	144254	2980.92726859	0.3
22315.8513455	300	30.1716757318	0.0	149991	2773.68642157	0.3
22318.4137826	300	31.6092386648	0.0	147968	2562.437067	0.3
22321.3893718	300	32.6336494401	0.0	161857	2975.58922476	0.3
22323.1365768	300	34.8864444092	0.0	145210	1747.20503086	0.3
22324.7295419	300	37.2934792842	0.0	172312	1592.96512501	0.3
22326.1937261	300	39.8292951522	0.0	167025	1464.18413204	0.3
22327.516722	300	42.5062992095	0.0	160064	1322.99594267	0.3
22328.5877522	300	45.435269059	0.0	137507	1071.03015057	0.3
22329.7519297	300	48.2710915	0.0	118421	1164.17755899	0.3

