19825.7082631	750	4.0	4.72241898827	450283	4722.41898827	-19.5564016496
19827.1838689	300	6.52439418173	0.0	155580	1475.60581827	-0.15
19828.3843296	300	9.32393343727	0.0	139857	1200.46074445	0.3
19829.5324955	300	12.1757675646	0.0	155432	1148.16587268	0.3
19830.6494898	300	15.0587732498	0.0	163442	1116.99431482	0.3
19831.5880786	300	18.12018449	0.0	126289	938.588759799	0.3
19832.8664345	300	20.841828615	0.0	153295	1278.35587498	0.3
19834.3847551	300	23.3235079531	0.0	173849	1518.32066188	0.3
19835.5637919	300	26.1444711945	0.0	150710	1179.03675867	0.3
19836.6433832	300	29.0648799184	0.0	139105	1079.59127601	0.3
19837.8490179	300	31.8592451957	0.0	141840	1205.63472272	0.3
19839.0866479	300	34.6216151523	0.0	156148	1237.63004345	0.3
19840.3651882	300	37.3430748276	0.0	160746	1278.54032468	0.3
19841.7787733	300	39.9294898044	0.0	179801	1413.58502314	0.3
19843.0128064	300	42.6954566818	0.0	140051	1234.03312265	0.3
19844.248885	300	45.4593780499	0.0	138313	1236.07863189	0.3
19845.469322	300	48.2389410603	0.0	143509	1220.43698959	0.3
19847.0454311	300	50.6628319758	0.0	150616	1576.10908452	0.3
19848.8629946	300	52.8452684495	0.0	165384	1817.56352633	0.3
19850.6583654	300	55.0498976569	0.0	140881	1795.37079254	0.3
19852.4197628	300	57.2885002836	0.0	157671	1761.39737333	0.3
19854.1542382	300	59.5540249087	0.0	157812	1734.47537487	0.3
19857.6790414	300	59.7908203728	0.0	163927	1763.20453589	0.3
19860.4783788	300	59.941950922	0.0	137654	2348.86945083	0.3
19864.2271859	300	59.7427814032	0.0	146754	2699.16951885	0.3
19868.3820608	300	59.5879064509	0.0	153938	2654.87495221	0.3
19872.1519561	300	59.8180111819	0.0	181901	2769.89526905	0.3
19873.4360339	300	59.6881761364	0.0	111155	1129.8350455	0.3
19874.8526647	300	59.6119821116	0.0	153605	1076.19402478	0.3
19902.0168666	4300	36.4477802511	0.0	2164140	27164.2018605	0.3
19930.8778796	4300	11.5867672057	0.0	2113193	28861.0130454	4.3
19933.2072704	300	13.2573764596	0.0	157488	2329.39074612	-3.7
19935.0609157	300	15.4037310968	0.0	143881	1853.6453628	0.3
19937.2845207	300	17.1801261749	0.0	163444	2223.60492193	0.3
19939.8599536	300	18.6046932561	0.0	179328	2575.43291874	0.3
19942.654735	300	19.8099118307	0.0	159914	2794.78142543	0.3
19945.1077724	300	21.3568743981	0.0	131610	2453.03743264	0.3
19947.4237936	300	23.0408532366	0.0	124011	2316.02116146	0.3
19950.3708454	300	24.093801427	0.0	144254	2947.05180961	0.3
19953.664118	300	24.8005288468	0.0	149991	3293.2725802	0.3
19957.6235575	300	24.8410893614	0.0	147968	3959.43948534	0.3
19962.0814128	300	24.383234008	0.0	161857	4457.85535341	0.3
19963.9914323	300	26.4732145409	0.0	145210	1910.0194671	0.3
19967.8255751	300	26.6390716966	0.0	172312	3834.14284431	0.3
19971.8103645	300	26.6542823725	0.0	167025	3984.7893241	0.3
19975.805684	300	26.6589628726	0.0	160064	3995.31949996	0.3
19979.5826833	300	26.8819635225	0.0	137507	3776.99935002	0.3
19982.8799356	300	27.5847112562	0.0	118421	3297.25226637	0.3

