11905.6906067	750	4.0	1.8471370277	450283	1847.1370277	-7.1926892191
11906.4356	300	7.25500663131	0.0	155580	744.993368686	-0.15
11907.1952759	300	10.4953307483	0.0	139857	759.675883019	0.3
11908.0510283	300	13.6395783967	0.0	155432	855.752351639	0.3
11908.9519821	300	16.7386245641	0.0	163442	900.953832566	0.3
11909.5700332	300	20.1205734692	0.0	126289	618.051094872	0.3
11910.2948904	300	23.3957162229	0.0	153295	724.857246357	0.3
11911.0870092	300	26.6035974609	0.0	173849	792.118761929	0.3
11911.8072841	300	29.883322571	0.0	150710	720.27488995	0.3
11912.4966177	300	33.1939890134	0.0	139105	689.333557536	0.3
11913.1441712	300	36.5464354611	0.0	141840	647.553552338	0.3
11913.8481848	300	39.8424219078	0.0	156148	704.013553325	0.3
11914.5920473	300	43.0985593494	0.0	160746	743.862558433	0.3
11915.4964288	300	46.1941778357	0.0	179801	904.381513697	0.3
11916.2955971	300	49.3950095279	0.0	140051	799.168307767	0.3
11917.0657253	300	52.6248814051	0.0	138313	770.128122746	0.3
11917.7641047	300	55.9265019464	0.0	143509	698.379458766	0.3
11918.4437058	300	59.2469008283	0.0	150616	679.601118103	0.3
11926.8781542	4300	54.8124524922	0.0	2220726	8434.44833608	0.3
11936.7724758	4300	48.918130829	0.0	2156729	9894.32166317	4.3
11944.8714171	4300	44.8191895245	0.0	2039773	8098.94130453	4.3
11952.5600198	4300	41.1305868308	0.0	2176469	7688.60269369	4.3
11960.6314699	4300	37.0591367596	0.0	2221506	8071.45007116	4.3
11969.2707775	4300	32.4198292086	0.0	2044075	8639.30755103	4.3
11979.6575397	4300	26.0330669249	0.0	2186790	10386.7622837	4.3
11988.8380303	4300	20.8525764035	0.0	2105231	9180.49052146	4.3
11999.7904777	4300	13.9001290069	0.0	2395588	10952.4473966	4.3
12000.4818103	300	17.2087963434	0.0	111155	691.332663537	-3.7
12001.4486267	300	20.2419800099	0.0	153605	966.816333477	0.3
12002.3176689	300	23.3729377508	0.0	149029	869.042259081	0.3
12003.239115	300	26.4514917139	0.0	157421	921.446036911	0.3
12004.2626133	300	29.4279933298	0.0	157488	1023.49838407	0.3
12005.1948548	300	32.4957518587	0.0	143881	932.241471174	0.3
12006.3408359	300	35.3497707829	0.0	163444	1145.9810758	0.3
12007.6800206	300	38.010586081	0.0	179328	1339.18470184	0.3
12009.1877501	300	40.5028565909	0.0	159914	1507.72949009	0.3
12010.6244401	300	43.0661665512	0.0	131610	1436.69003968	0.3
12011.9827965	300	45.7078101307	0.0	124011	1358.35642057	0.3
12013.3799937	300	48.310613008	0.0	144254	1397.19712266	0.3
12014.8967707	300	50.7938360157	0.0	149991	1516.77699236	0.3
12017.3268911	300	52.3637156073	0.0	147968	2430.1204084	0.3
12019.958561	300	53.7320457169	0.0	161857	2631.66989039	0.3
12024.7555916	300	52.9350151053	0.0	145210	4797.03061154	0.3
12026.7900351	300	54.9005716182	0.0	172312	2034.4434871	0.3
12028.3680478	300	57.3225588858	0.0	167025	1578.01273239	0.3
12029.7481408	300	59.942465899	0.0	160064	1380.09298687	0.3
12047.9025078	4300	45.7880988816	0.0	1961140	18154.3670174	0.3
12063.1220447	4300	34.568562	0.0	2155012	15219.5368816	4.3

