8488.039812	750	4.0	3.53331180741	450283	3533.31180741	-14.4432407719
8489.53472084	300	6.50509116228	0.0	155580	1494.90883772	-0.15
8491.11054854	300	8.92926346047	0.0	139857	1575.82770181	0.3
8493.13535337	300	10.9044586334	0.0	155432	2024.80482703	0.3
8494.63895644	300	13.4008555633	0.0	163442	1503.60307011	0.3
8495.84383271	300	16.1959792891	0.0	126289	1204.87627426	0.3
8497.29422678	300	18.7455852269	0.0	153295	1450.3940622	0.3
8498.73005723	300	21.3097547747	0.0	173849	1435.83045215	0.3
8499.96956346	300	24.0702485402	0.0	150710	1239.50623456	0.3
8501.50303477	300	26.5367772301	0.0	139105	1533.47131007	0.3
8503.69604798	300	28.3437640203	0.0	141840	2193.01320979	0.3
8506.46736131	300	29.5724506983	0.0	156148	2771.31332205	0.3
8508.88394853	300	31.1558634779	0.0	160746	2416.58722037	0.3
8510.82176694	300	33.2180450627	0.0	179801	1937.81841517	0.3
8512.09723164	300	35.9425803615	0.0	140051	1275.46470122	0.3
8513.32731194	300	38.7125000665	0.0	138313	1230.08029504	0.3
8514.72066247	300	41.3191495388	0.0	143509	1393.35052761	0.3
8516.49440347	300	43.5454085374	0.0	150616	1773.74100149	0.3
8518.7144014	300	45.3254106012	0.0	165384	2219.99793613	0.3
8521.30942396	300	46.7303880488	0.0	140881	2595.02255245	0.3
8524.83638773	300	47.2034242693	0.0	157671	3526.96377944	0.3
8526.97229408	300	49.0675179252	0.0	157812	2135.90634417	0.3
8528.45322346	300	51.5865885413	0.0	163927	1480.92938386	0.3
8529.97490097	300	54.064911032	0.0	137654	1521.6775093	0.3
8531.50911141	300	56.5307005954	0.0	146754	1534.21043656	0.3
8532.77522746	300	59.2645845452	0.0	153938	1266.1160502	0.3
8535.39636307	300	59.8133803182	0.0	181901	1451.20422699	0.3
8551.30734992	4300	47.9023934723	0.0	1972048	15910.986846	0.3
8570.31516677	4300	32.8945766225	0.0	2134614	19007.8168498	4.3
8588.70801833	4300	18.5017250545	0.0	2164140	18392.851568	4.3
8590.4345312	300	20.7752121879	0.0	157421	1726.5128666	-3.7
8592.49545163	300	22.714291756	0.0	157488	2060.92043194	0.3
8593.82867561	300	25.3810677785	0.0	143881	1333.2239775	0.3
8595.3606624	300	27.8490809858	0.0	163444	1531.98679269	0.3
8597.04389804	300	30.1658453523	0.0	179328	1683.2356335	0.3
8598.29441607	300	32.9153273202	0.0	159914	1250.51803212	0.3
8599.43589616	300	35.7738472326	0.0	131610	1141.48008755	0.3
8600.80449895	300	38.4052444349	0.0	124011	1368.60279774	0.3
8603.01095302	300	40.1987903651	0.0	144254	2206.45406978	0.3
8605.65618269	300	41.5535606979	0.0	149991	2645.22966725	0.3
8607.95436145	300	43.2553819369	0.0	147968	2298.17876093	0.3
8609.84434706	300	45.3653963245	0.0	161857	1889.98561246	0.3
8611.17192092	300	48.0378224667	0.0	145210	1327.57385774	0.3
8612.69054525	300	50.5191981377	0.0	172312	1518.62432899	0.3
8614.34107376	300	52.8686696294	0.0	167025	1650.52850834	0.3
8616.24367271	300	54.9660706769	0.0	160064	1902.59895254	0.3
8618.13950487	300	57.07023852	0.0	137507	1895.83215682	0.3
8620.22865329	300	58.9810900997	0.0	118421	2089.14842029	0.3

