10691.5705978	750	4.0	3.13772266061	450283	3137.72266061	-12.7422074406
10692.5404474	300	7.03015034204	0.0	155580	969.849657958	-0.15
10693.3437317	300	10.226866044	0.0	139857	803.284298087	0.3
10694.1077049	300	13.4628929114	0.0	155432	763.973132588	0.3
10694.8469847	300	16.7236131176	0.0	163442	739.279793733	0.3
10695.3216721	300	20.2489256641	0.0	126289	474.687453574	0.3
10695.8835033	300	23.6870945327	0.0	153295	561.83113133	0.3
10696.504567	300	27.0660308118	0.0	173849	621.063720941	0.3
10697.0266171	300	30.5439806982	0.0	150710	522.050113552	0.3
10697.4978247	300	34.0727731303	0.0	139105	471.207567962	0.3
10697.9630349	300	37.6075629306	0.0	141840	465.21019964	0.3
10698.3855094	300	41.1850883863	0.0	156148	422.474544351	0.3
10698.7719968	300	44.7986010006	0.0	160746	386.48738572	0.3
10699.1984301	300	48.3721677107	0.0	179801	426.433289903	0.3
10704.5542185	4300	47.0163793063	0.0	2005399	5355.78840433	0.3
10721.540482	4300	34.0301157479	0.0	2152483	16986.2635585	4.3
10723.2600895	300	36.3105082601	0.0	143509	1719.60748782	-3.7
10724.5980066	300	38.9725911787	0.0	150616	1337.91708135	0.3
10725.7327456	300	41.8378521813	0.0	165384	1134.73899739	0.3
10727.5355293	300	44.0350685255	0.0	140881	1802.78365585	0.3
10728.7114062	300	46.8591915657	0.0	157671	1175.87695976	0.3
10729.448882	300	50.1217157745	0.0	157812	737.475791186	0.3
10730.1019031	300	53.468694646	0.0	163927	653.021128554	0.3
10730.6727884	300	56.8978093447	0.0	137654	570.885301268	0.3
10737.9186101	4300	53.6519877033	0.0	2186790	7245.82164143	0.3
10745.0212718	4300	50.5493259852	0.0	2105231	7102.66171809	4.3
10752.303731	4300	47.2668667418	0.0	2395588	7282.45924342	4.3
10759.5664885	4300	44.0041092476	0.0	1972048	7262.75749411	4.3
10765.2615882	4300	42.30900962	0.0	2134614	5695.09962763	4.3
10770.5119282	4300	41.058669593	0.0	2164140	5250.34002702	4.3
10776.3047408	4300	39.2658569451	0.0	2113193	5792.81264789	4.3
10782.3096294	4300	37.2609684275	0.0	2147852	6004.88851757	4.3
10787.3697772	4300	36.2008205909	0.0	2191074	5060.14783663	4.3
10793.048467	4300	34.5221308089	0.0	2286761	5678.689782	4.3
10799.2681171	4300	32.3024807222	0.0	2307787	6219.65008668	4.3
10805.5683393	4300	30.002258438	0.0	2143948	6300.22228423	4.3
10810.772604	4300	28.7979938099	0.0	1919781	5204.26462815	4.3
10820.0793545	4300	23.4912433005	0.0	2147467	9306.75050934	4.3
10820.8592625	300	26.7113353345	0.0	144254	779.907966053	-3.7
10821.6878866	300	29.8827111697	0.0	149991	828.624164782	0.3
10822.552664	300	33.0179337984	0.0	147968	864.777371235	0.3
10823.4404592	300	36.1301386243	0.0	161857	887.79517416	0.3
10824.1310375	300	39.4395602956	0.0	145210	690.578328662	0.3
10824.8617378	300	42.7088600016	0.0	172312	730.700294006	0.3
10825.527258	300	46.0433398165	0.0	167025	665.520185161	0.3
10826.0959974	300	49.4746003562	0.0	160064	568.739460287	0.3
10826.5374659	300	53.0331319242	0.0	137507	441.468431981	0.3
10833.0073579	4300	50.5632398878	0.0	2155012	6469.89203635	0.3

