6282.597661	750	4.0	2.85981464939	450283	2859.81464939	-11.5472029924
6283.47389253	300	7.12376846951	0.0	155580	876.231530495	-0.15
6284.14376519	300	10.4538958137	0.0	139857	669.872655849	0.3
6284.87457865	300	13.7230823501	0.0	155432	730.813463544	0.3
6285.70327067	300	16.894390334	0.0	163442	828.692016085	0.3
6286.24702915	300	20.3506318518	0.0	126289	543.75848227	0.3
6287.0317328	300	23.5659281993	0.0	153295	784.703652411	0.3
6288.12029476	300	26.4773662429	0.0	173849	1088.56195648	0.3
6288.97996881	300	29.617692187	0.0	150710	859.674055904	0.3
6289.68769302	300	32.909967978	0.0	139105	707.724208997	0.3
6290.44181087	300	36.1558501286	0.0	141840	754.117849369	0.3
6291.21128546	300	39.386375541	0.0	156148	769.47458762	0.3
6292.02874299	300	42.5689180053	0.0	160746	817.457535719	0.3
6292.86461406	300	45.7330469417	0.0	179801	835.871063585	0.3
6293.44785417	300	49.1498068337	0.0	140051	583.240107956	0.3
6293.99454854	300	52.6031124568	0.0	138313	546.694376928	0.3
6294.54045311	300	56.0572078916	0.0	143509	545.904565218	0.3
6301.84434451	4300	52.7533164851	0.0	2059512	7303.89140648	0.3
6313.07052955	4300	45.5271314469	0.0	2220726	11226.1850382	4.3
6325.0516202	4300	37.5460407966	0.0	2156729	11981.0906503	4.3
6333.55299713	4300	33.0446638713	0.0	2039773	8501.3769253	4.3
6344.59962261	4300	25.9980383917	0.0	2176469	11046.6254795	4.3
6353.93874425	4300	20.6589167523	0.0	2221506	9339.1216394	4.3
6361.9681961	4300	16.629464902	0.0	2044075	8029.45185032	4.3
6370.2763908	4300	12.3212701998	0.0	2186790	8308.19470224	4.3
6370.98660266	300	15.6110583387	0.0	153938	710.211861033	-3.7
6371.81136706	300	18.7862939347	0.0	181901	824.764404073	0.3
6372.34899946	300	22.2486615415	0.0	111155	537.632393192	0.3
6373.05905512	300	25.5386058782	0.0	153605	710.055663295	0.3
6373.74230914	300	28.8553518641	0.0	149029	683.254014067	0.3
6374.44324977	300	32.1544112329	0.0	157421	700.940631176	0.3
6375.19640574	300	35.4012552555	0.0	157488	753.155977468	0.3
6375.83759859	300	38.7600624072	0.0	143881	641.192848271	0.3
6376.49992326	300	42.0977377389	0.0	163444	662.324668286	0.3
6377.23761161	300	45.3600493893	0.0	179328	737.68834964	0.3
6377.94625779	300	48.6514032097	0.0	159914	708.646179551	0.3
6378.44537388	300	52.1522871188	0.0	131610	499.116090883	0.3
6378.95285178	300	55.6448092185	0.0	124011	507.477900344	0.3
6387.19269105	4300	51.4049699544	0.0	2133870	8239.83926408	0.3
6396.81034101	4300	45.7873199938	0.0	2146120	9617.64996057	4.3
6404.52606535	4300	42.0715956465	0.0	2108491	7715.72434731	4.3
6413.13539862	4300	37.4622623836	0.0	2184571	8609.33326295	4.3
6422.34437617	4300	32.2532848318	0.0	2121928	9208.97755175	4.3
6434.25282273	4300	24.3448382717	0.0	2219102	11908.4465601	4.3
6453.44859224	4300	9.14906876242	0.0	2124950	19195.7695093	4.3
6456.19819053	750	10.3994704679	0.0	393804	2749.59829453	-2.8
6456.82753323	300	13.7701277658	0.0	137507	629.34270206	-0.15
6457.38918629	300	17.2084747132	0.0	118421	561.653052598	0.3

