9470.34259817	750	4.0	3.75720907888	450283	3757.20907888	-15.4059990392
9471.57333279	300	6.76926538608	0.0	155580	1230.73461392	-0.15
9472.63864782	300	9.70395035808	0.0	139857	1065.315028	0.3
9473.92037778	300	12.4222203968	0.0	155432	1281.72996132	0.3
9475.50541852	300	14.8371796584	0.0	163442	1585.04073834	0.3
9477.34027298	300	17.0023251967	0.0	126289	1834.85446175	0.3
9479.91197678	300	18.4306213918	0.0	153295	2571.70380488	0.3
9482.69090193	300	19.6516962456	0.0	173849	2778.92514616	0.3
9484.49054618	300	21.8520519896	0.0	150710	1799.64425602	0.3
9485.49176971	300	24.8508284614	0.0	139105	1001.22352822	0.3
9486.45884617	300	27.8837520072	0.0	141840	967.076454248	0.3
9487.82818072	300	30.5144174586	0.0	156148	1369.33454859	0.3
9489.24612163	300	33.096476542	0.0	160746	1417.9409166	0.3
9490.79243539	300	35.5501627813	0.0	179801	1546.31376062	0.3
9493.10319053	300	37.2394076491	0.0	140051	2310.7551322	0.3
9495.28912276	300	39.0534754151	0.0	138313	2185.93223403	0.3
9496.9310304	300	41.4115677747	0.0	143509	1641.90764045	0.3
9498.28509839	300	44.0574997835	0.0	150616	1354.06799112	0.3
9499.68649446	300	46.656103713	0.0	165384	1401.39607057	0.3
9500.8433494	300	49.4992487785	0.0	140881	1156.85493452	0.3
9502.63138862	300	51.7112095565	0.0	157671	1788.03922198	0.3
9504.24233279	300	54.1002653797	0.0	157812	1610.94417677	0.3
9508.21574565	300	54.1268525267	0.0	163927	3973.41285302	0.3
9511.92766349	300	54.4149346848	0.0	137654	3711.91784192	0.3
9514.97588333	300	55.3667148456	0.0	146754	3048.21983916	0.3
9519.68033836	300	54.6622598164	0.0	153938	4704.4550292	0.3
9524.83248885	300	53.5101093285	0.0	181901	5152.15048794	0.3
9527.31910631	300	55.0234918631	0.0	111155	2486.6174654	0.3
9530.50395089	300	55.8386472887	0.0	153605	3184.8445744	0.3
9534.92255826	300	55.4200399111	0.0	149029	4418.60737756	0.3
9540.37401568	300	53.968582492	0.0	157421	5451.45741916	0.3
9546.05047953	300	52.292118644	0.0	157488	5676.46384794	0.3
9550.88082745	300	51.4617707287	0.0	143881	4830.34791536	0.3
9555.07758461	300	51.2650135656	0.0	163444	4196.75716306	0.3
9558.71416141	300	51.6284367629	0.0	179328	3636.57680271	0.3
9561.98333871	300	52.3592594641	0.0	159914	3269.17729876	0.3
9563.60986719	300	54.7327309794	0.0	131610	1626.52848472	0.3
9565.2503698	300	57.0922283787	0.0	124011	1640.50260071	0.3
9567.63074357	300	58.7118546058	0.0	144254	2380.37377288	0.3
9571.39832704	300	58.9442711351	0.0	149991	3767.58347073	0.3
9574.1822553	300	59.8887759104	0.0	147968	2555.49522467	0.3
9578.56387344	300	59.5071577668	0.0	161857	4381.61814358	0.3
9583.26025589	300	58.8107753199	0.0	145210	4696.3824469	0.3
9588.55864187	300	57.5123893399	0.0	172312	5298.38598	0.3
9594.90373572	300	55.1672954909	0.0	167025	6345.09384906	0.3
9599.23218228	300	54.8388489283	0.0	160064	4328.44656257	0.3
9603.1775534	300	54.8934778046	0.0	137507	3945.37112375	0.3
9607.32465277	300	54.7463784387	0.0	118421	4147.09936587	0.3

