11410.3890957	750	4.0	4.85145520598	450283	4851.45520598	-20.1112573857
11412.5927606	300	5.7963351203	0.0	155580	2203.6648797	-0.15
11414.7496271	300	7.63946858438	0.0	139857	2156.86653592	0.3
11417.4117954	300	8.97730031421	0.0	155432	2662.16827017	0.3
11419.8544422	300	10.5346534999	0.0	163442	2442.64681435	0.3
11422.4193429	300	11.9697527881	0.0	126289	2564.90071179	0.3
11425.6929049	300	12.6961907548	0.0	153295	3273.5620333	0.3
11428.6470325	300	13.7420632161	0.0	173849	2954.12753871	0.3
11429.9851428	300	16.4039528827	0.0	150710	1338.11033339	0.3
11431.2113034	300	19.1777923258	0.0	139105	1226.16055685	0.3
11432.2631869	300	22.1259087699	0.0	141840	1051.88355596	0.3
11433.8019728	300	24.5871228584	0.0	156148	1538.78591143	0.3
11435.6450402	300	26.7440555147	0.0	160746	1843.06734374	0.3
11438.1438529	300	28.2452427416	0.0	179801	2498.81277306	0.3
11440.3855183	300	30.003577388	0.0	140051	2241.66535359	0.3
11442.8644958	300	31.524599925	0.0	138313	2478.97746298	0.3
11445.8847641	300	32.5043315982	0.0	143509	3020.26832681	0.3
11450.2388328	300	32.1502628517	0.0	150616	4354.06874658	0.3
11453.4360668	300	32.9530288836	0.0	165384	3197.23396802	0.3
11455.1922257	300	35.1968699811	0.0	140881	1756.15890255	0.3
11457.6871003	300	36.7019953643	0.0	157671	2494.87461676	0.3
11460.3594788	300	38.0296169134	0.0	157812	2672.37845088	0.3
11462.3102518	300	40.078843913	0.0	163927	1950.77300042	0.3
11463.7451989	300	42.6438967411	0.0	137654	1434.94717197	0.3
11465.2063371	300	45.1827585699	0.0	146754	1461.13817119	0.3
11466.6517222	300	47.7373734875	0.0	153938	1445.38508232	0.3
11468.33383	300	50.0552656733	0.0	181901	1682.10781427	0.3
11469.4958908	300	52.8932049301	0.0	111155	1162.06074322	0.3
11471.3074478	300	55.0816479347	0.0	153605	1811.55699537	0.3
11473.0443188	300	57.3447769123	0.0	149029	1736.87102235	0.3
11475.1241886	300	59.2649070463	0.0	157421	2079.86986601	0.3
11478.3865475	300	59.5570016708	0.0	157488	1707.90537554	0.3
11480.4222523	300	59.8063760837	0.0	143881	1250.62558712	0.3
11481.93998	300	59.9600517758	0.0	163444	846.324307856	0.3
11510.9740054	4300	34.9260264158	0.0	2307787	29034.02536	0.3
11524.6059884	4300	25.2940434361	0.0	2143948	13631.9829798	4.3
11550.2526425	4300	4.0	0.352610711794	1919781	25646.6541479	2.78377393929
11556.0328606	750	4.0	1.78021804594	361565	5780.21804594	-10.4549375975
11558.9959114	300	5.03694922095	0.0	144254	2963.05077905	-0.15
11563.4272665	300	4.60559410747	0.0	149991	4431.35511348	0.3
11566.3013314	300	5.73152922956	0.0	147968	2874.06487791	0.3
11568.4975589	300	7.53530164565	0.0	161857	2196.22758391	0.3
11570.7579767	300	9.27488388575	0.0	145210	2260.4177599	0.3
11573.731489	300	10.301371594	0.0	172312	2973.51229172	0.3
11575.7176171	300	12.315243498	0.0	167025	1986.12809601	0.3
11577.3797834	300	14.6530771691	0.0	160064	1662.16632895	0.3
11578.7517195	300	17.2811410585	0.0	137507	1371.93611054	0.3
11579.9021378	300	20.130722826	0.0	118421	1150.4182325	0.3

