10083.8240014	750	4.0	6.30804800495	450283	6308.04800495	-26.3746064213
10086.8536591	300	4.97034229004	0.0	155580	3029.65770996	-0.15
10088.4612376	300	7.36276377101	0.0	139857	1607.57851903	0.3
10090.4221775	300	9.40182389954	0.0	155432	1960.93987148	0.3
10092.8155837	300	11.0084177092	0.0	163442	2393.40619035	0.3
10094.2502324	300	13.5737689991	0.0	126289	1434.64871012	0.3
10095.7291529	300	16.0948484897	0.0	153295	1478.92050942	0.3
10097.6335021	300	18.1904992877	0.0	173849	1904.34920194	0.3
10100.4484818	300	19.375519615	0.0	150710	2814.97967267	0.3
10102.7670579	300	21.0569434749	0.0	139105	2318.57614016	0.3
10105.4058208	300	22.4181805737	0.0	141840	2638.76290114	0.3
10108.8543019	300	22.969699559	0.0	156148	3448.4810147	0.3
10111.918065	300	23.9059364655	0.0	160746	3063.76309356	0.3
10114.7073469	300	25.1166545411	0.0	179801	2789.28192435	0.3
10116.3702642	300	27.4537372614	0.0	140051	1662.91727969	0.3
10117.6499078	300	30.17409364	0.0	138313	1279.64362141	0.3
10119.3513037	300	32.4726976764	0.0	143509	1701.39596361	0.3
10121.3254266	300	34.498574852	0.0	150616	1974.12282443	0.3
10123.9407169	300	35.8832845265	0.0	165384	2615.2903255	0.3
10126.241959	300	37.5820424208	0.0	140881	2301.24210573	0.3
10127.5540912	300	40.2699102449	0.0	157671	1312.13217589	0.3
10128.8072991	300	43.0167023217	0.0	157812	1253.20792313	0.3
10130.0815152	300	45.7424861714	0.0	163927	1274.21615037	0.3
10131.0101005	300	48.8139009589	0.0	137654	928.585212418	0.3
10132.0756528	300	51.7483486626	0.0	146754	1065.55229637	0.3
10133.0515753	300	54.7724261249	0.0	153938	975.92253764	0.3
10134.2828899	300	57.5411115583	0.0	181901	1231.31456659	0.3
10136.2978555	300	59.5261458906	0.0	111155	1014.96566774	0.3
10138.2171301	300	59.777459678	0.0	153605	1748.68621256	0.3
10140.787158	300	59.712739967	0.0	149029	1564.71971099	0.3
10142.8655734	300	59.8111863433	0.0	157421	1401.5536237	0.3
10145.0230426	300	59.5108826256	0.0	157488	1300.30371773	0.3
10146.426329	300	59.9328221882	0.0	143881	1078.06043739	0.3
10165.2935607	4300	45.0655905111	0.0	2286761	18867.2316771	0.3
10182.0296004	4300	32.3295508198	0.0	2307787	16736.0396913	4.3
10198.9469365	4300	19.4122146716	0.0	2143948	16917.3361481	4.3
10219.1124913	4300	4.0	0.753340113622	1919781	20165.5547853	1.06063751143
10226.3965813	750	4.0	3.28408994964	361565	7284.08994964	-16.9215867834
10228.001608	300	6.39497332138	0.0	144254	1605.02667862	-0.15
10230.721692	300	7.67488925009	0.0	149991	2720.08407129	0.3
10233.1144642	300	9.28211712979	0.0	147968	2392.77212031	0.3
10235.5336804	300	10.8629008392	0.0	161857	2419.21629057	0.3
10237.9301343	300	12.4664470191	0.0	145210	2396.4538201	0.3
10240.782861	300	13.6137203295	0.0	172312	2852.72668966	0.3
10242.7646559	300	15.6319254161	0.0	167025	1981.79491337	0.3
10244.1528045	300	18.2437767632	0.0	160064	1388.14865288	0.3
10245.3823669	300	21.0142144049	0.0	137507	1229.56235826	0.3
10246.2721686	300	24.1244126605	0.0	118421	889.801744482	0.3

