7398.79491596	750	4.0	4.03410631963	450283	4034.10631963	-16.5966571744
7399.9112173	300	6.88369866131	0.0	155580	1116.30133869	-0.15
7400.91775391	300	9.87716205265	0.0	139857	1006.53660866	0.3
7401.87617995	300	12.9187360046	0.0	155432	958.426048084	0.3
7402.68028805	300	16.1146279054	0.0	163442	804.108099138	0.3
7403.37521213	300	19.4197038311	0.0	126289	694.924074374	0.3
7404.37925825	300	22.4156577101	0.0	153295	1004.04612099	0.3
7406.10989191	300	24.6850240505	0.0	173849	1730.63365957	0.3
7407.46455508	300	27.3303608747	0.0	150710	1354.66317584	0.3
7408.48318969	300	30.311726272	0.0	139105	1018.63460271	0.3
7409.2925631	300	33.5023528612	0.0	141840	809.373410792	0.3
7410.25513593	300	36.5397800314	0.0	156148	962.572829781	0.3
7411.17661948	300	39.6182964789	0.0	160746	921.483552458	0.3
7412.1279764	300	42.6669395585	0.0	179801	951.356920408	0.3
7412.88093284	300	45.9139831133	0.0	140051	752.956445208	0.3
7413.65102649	300	49.143889468	0.0	138313	770.093645262	0.3
7414.34879966	300	52.4461162968	0.0	143509	697.773171237	0.3
7415.07985641	300	55.7150595458	0.0	150616	731.056750994	0.3
7416.1184453	300	58.6764706591	0.0	165384	1038.58888673	0.3
7417.5448404	300	59.6370908955	0.0	140881	1039.37976357	0.3
7418.81079437	300	59.6376215974	0.0	157671	999.469298103	0.3
7420.11428184	300	59.8691201616	0.0	157812	768.501435769	0.3
7428.46588144	4300	55.5175205604	0.0	2221506	8351.5996012	0.3
7437.11398368	4300	50.8694183293	0.0	2044075	8648.10223115	4.3
7447.99546094	4300	43.987941061	0.0	2186790	10881.4772683	4.3
7458.06541235	4300	37.917989651	0.0	2105231	10069.95141	4.3
7467.46853319	4300	32.5148688118	0.0	2395588	9403.1208392	4.3
7472.73257468	4300	31.250827329	0.0	1972048	5264.04148283	4.3
7479.32525381	4300	28.6581481935	0.0	2134614	6592.67913556	4.3
7485.40292202	4300	26.5804799825	0.0	2164140	6077.66821097	4.3
7489.92898383	4300	26.0544181793	0.0	2113193	4526.06180318	4.3
7493.99707244	4300	25.9863295662	0.0	2147852	4068.08861313	4.3
7499.03633243	4300	24.9470695743	0.0	2191074	5039.25999187	4.3
7508.58590147	4300	19.3975005319	0.0	2286761	9549.5690424	4.3
7509.39890667	300	22.5844953397	0.0	179328	813.005192211	-3.7
7510.11533654	300	25.8680654625	0.0	159914	716.429877181	0.3
7510.70281219	300	29.2805898193	0.0	131610	587.475643229	0.3
7511.38618552	300	32.597216487	0.0	124011	683.373332309	0.3
7512.15075206	300	35.8326499417	0.0	144254	764.566545317	0.3
7512.83525293	300	39.1481490709	0.0	149991	684.500870796	0.3
7513.46401621	300	42.5193857987	0.0	147968	628.763272174	0.3
7514.13041749	300	45.8529845119	0.0	161857	666.401286818	0.3
7514.73208963	300	49.2513123792	0.0	145210	601.672132678	0.3
7515.34339882	300	52.6400031824	0.0	172312	611.309196799	0.3
7515.76311955	300	56.2202824585	0.0	167025	419.720723904	0.3
7520.51871425	4300	55.4646877579	0.0	2246506	4755.5947006	0.3
7525.13059539	4300	54.8528066114	0.0	1961140	4611.88114645	4.3
7530.59988532	4300	53.3835166807	0.0	2155012	5469.2899307	4.3

