21053.634001	750	4.0	3.50134977665	450283	3501.34977665	-14.3058040396
21054.6022593	300	7.0317417097	0.0	155580	968.258290302	-0.15
21055.2890006	300	10.3450004176	0.0	139857	686.741292091	0.3
21056.012291	300	13.6217099505	0.0	155432	723.290467131	0.3
21056.7770995	300	16.8569014692	0.0	163442	764.808481269	0.3
21057.3946911	300	20.2393099376	0.0	126289	617.59153159	0.3
21058.1252096	300	23.5087913784	0.0	153295	730.518559184	0.3
21058.9905851	300	26.6434159131	0.0	173849	865.375465301	0.3
21059.7039525	300	29.9300484738	0.0	150710	713.367439309	0.3
21060.3254614	300	33.3085395993	0.0	139105	621.508874481	0.3
21060.8964465	300	36.7375544678	0.0	141840	570.985131507	0.3
21061.4886876	300	40.1453133667	0.0	156148	592.241101092	0.3
21062.1956145	300	43.4383865394	0.0	160746	706.926827385	0.3
21063.0424425	300	46.5915585404	0.0	179801	846.827998906	0.3
21063.7117012	300	49.922299829	0.0	140051	669.25871148	0.3
21064.3255019	300	53.308499071	0.0	138313	613.800757924	0.3
21064.949051	300	56.6849499409	0.0	143509	623.549130157	0.3
21065.6505793	300	59.9834217311	0.0	150616	701.528209805	0.3
21079.0508639	4300	50.5831370406	0.0	2220726	13400.2846905	0.3
21092.2110837	4300	41.422917325	0.0	2156729	13160.2197156	4.3
21114.1703809	4300	23.4636201018	0.0	2039773	21959.2972232	4.3
21127.9046336	4300	13.7293673622	0.0	2176469	13734.2527396	4.3
21129.6058141	750	16.0281868779	0.0	401853	1701.18048426	-2.8
21130.2198077	300	19.4141932809	0.0	137654	613.993597039	-0.15
21130.9718066	300	22.6621943624	0.0	146754	751.998918493	0.3
21131.8222154	300	25.8117856178	0.0	153938	850.408744644	0.3
21132.9825259	300	28.6514750935	0.0	181901	1160.31052429	0.3
21133.8479442	300	31.7860568309	0.0	111155	865.418262575	0.3
21135.0247274	300	34.6092736004	0.0	153605	1176.7832305	0.3
21136.3214853	300	37.3125156537	0.0	149029	1296.75794673	0.3
21138.6583869	300	38.9756141121	0.0	157421	2336.90154152	0.3
21141.5372016	300	40.0967994072	0.0	157488	2878.8147049	0.3
21143.0231622	300	42.6108387575	0.0	143881	1485.96064975	0.3
21144.1127882	300	45.5212128066	0.0	163444	1089.62595092	0.3
21145.0259703	300	48.608030739	0.0	179328	913.182067542	0.3
21145.9303541	300	51.7036469336	0.0	159914	904.383805433	0.3
21146.7738008	300	54.8602001839	0.0	131610	843.446749736	0.3
21147.7062384	300	57.9277625412	0.0	124011	932.43764264	0.3
21159.4424399	4300	50.1915611296	0.0	2133870	11736.2014116	0.3
21167.0599291	4300	46.5740718626	0.0	2146120	7617.48926704	4.3
21175.9697617	4300	41.6642392812	0.0	2108491	8909.83258138	4.3
21184.3358992	4300	37.2981018213	0.0	2184571	8366.13745993	4.3
21191.9031357	4300	33.7308653202	0.0	2121928	7567.23650106	4.3
21199.3239669	4300	30.310034104	0.0	2219102	7420.83121621	4.3
21206.9818859	4300	26.6521151079	0.0	2124950	7657.91899609	4.3
21214.3174239	4300	23.3165771164	0.0	2246506	7335.53799156	4.3
21220.2202941	4300	21.4137068876	0.0	1961140	5902.87022872	4.3
21227.5519264	4300	18.0820745708	0.0	2155012	7331.63231686	4.3

