6925.46934106	750	4.0	4.66517813528	450283	4665.17813528	-19.3102659817
6926.96817563	300	6.50116543211	0.0	155580	1498.83456789	-0.15
6928.40970461	300	9.0596364502	0.0	139857	1441.52898191	0.3
6931.46898712	300	10.0003539424	0.0	155432	3059.28250782	0.3
6935.53398762	300	9.93535343584	0.0	163442	4065.00050653	0.3
6938.45752762	300	11.0118134399	0.0	126289	2923.53999599	0.3
6941.31923571	300	12.1501053486	0.0	153295	2861.7080913	0.3
6944.72229834	300	12.7470427157	0.0	173849	3403.06263284	0.3
6947.64006489	300	13.829276163	0.0	150710	2917.76655272	0.3
6950.23603418	300	15.2333068783	0.0	139105	2595.96928466	0.3
6953.67403306	300	15.7953079936	0.0	141840	3437.99888476	0.3
6958.86941465	300	14.5999264071	0.0	156148	5195.38158652	0.3
6963.09952213	300	14.3698189259	0.0	160746	4230.10748113	0.3
6966.88045094	300	14.5888901125	0.0	179801	3780.92881344	0.3
6970.36685556	300	15.1024854938	0.0	140051	3486.40461865	0.3
6974.6495608	300	14.8197802572	0.0	138313	4282.70523664	0.3
6979.73268956	300	13.7366514989	0.0	143509	5083.12875828	0.3
6983.07363174	300	14.3957093131	0.0	150616	3340.9421858	0.3
6984.58111165	300	16.888229405	0.0	165384	1507.47990813	0.3
6985.47868766	300	19.9906534002	0.0	140881	897.576004756	0.3
6986.3718708	300	23.0974702617	0.0	157671	893.183138561	0.3
6987.21025027	300	26.2590907894	0.0	157812	838.379472299	0.3
6988.0481728	300	29.4211682594	0.0	163927	837.922529956	0.3
6988.80546286	300	32.6638781974	0.0	137654	757.290061992	0.3
6989.62662892	300	35.8427121408	0.0	146754	821.166056617	0.3
6990.47764054	300	38.9917005219	0.0	153938	851.011618869	0.3
6991.51819466	300	41.9511464016	0.0	181901	1040.55412032	0.3
6992.15535165	300	45.3139894077	0.0	111155	637.156993904	0.3
6992.93887997	300	48.5304610865	0.0	153605	783.528321205	0.3
6993.55453606	300	51.9148050011	0.0	149029	615.656085386	0.3
6994.16163295	300	55.3077081092	0.0	157421	607.0968919	0.3
7004.97018639	4300	48.4991546655	0.0	2147852	10808.5534437	0.3
7022.82010412	4300	34.6492369409	0.0	2191074	17849.9177246	4.3
7040.63357423	4300	20.835766829	0.0	2286761	17813.4701119	4.3
7054.39422684	4300	11.0751142143	0.0	2307787	13760.6526147	4.3
7055.29156996	300	14.1777710928	0.0	159914	897.343121448	-3.7
7056.03805292	300	17.4312881401	0.0	131610	746.482952692	0.3
7056.73417129	300	20.7351697656	0.0	124011	696.118374514	0.3
7057.54207833	300	23.9272627256	0.0	144254	807.907040035	0.3
7058.38460126	300	27.0847398022	0.0	149991	842.522923404	0.3
7059.22196619	300	30.2473748722	0.0	147968	837.364930001	0.3
7060.12359661	300	33.3457444461	0.0	161857	901.630426098	0.3
7060.95521387	300	36.5141271912	0.0	145210	831.617254864	0.3
7061.9434228	300	39.5259182603	0.0	172312	988.208930887	0.3
7062.82097606	300	42.6483650014	0.0	167025	877.553258921	0.3
7063.54978272	300	45.9195583402	0.0	160064	728.806661194	0.3
7064.0940888	300	49.3752522544	0.0	137507	544.306085848	0.3
7064.58710024	300	52.8822408149	0.0	118421	493.011439504	0.3

