5652.57002457	750	4.0	7.57106195218	450283	7571.06195218	-31.8055663944
5654.54981899	300	6.02020557684	0.0	155580	1979.79442316	-0.15
5655.64283097	300	8.92719359553	0.0	139857	1093.01198131	0.3
5656.57402196	300	11.9960026095	0.0	155432	931.190986048	0.3
5658.07851478	300	14.4915097875	0.0	163442	1504.49282203	0.3
5659.33258688	300	17.2374376881	0.0	126289	1254.07209931	0.3
5660.62964092	300	19.9403836514	0.0	153295	1297.05403676	0.3
5661.85223939	300	22.7177851821	0.0	173849	1222.59846929	0.3
5662.98140452	300	25.5886200456	0.0	150710	1129.16513651	0.3
5664.15974445	300	28.4102801161	0.0	139105	1178.33992948	0.3
5665.24713594	300	31.3228886338	0.0	141840	1087.39148233	0.3
5666.51082514	300	34.0591994275	0.0	156148	1263.68920622	0.3
5667.58229888	300	36.987725691	0.0	160746	1071.47373651	0.3
5668.74970359	300	39.820320979	0.0	179801	1167.40471206	0.3
5669.80104345	300	42.76898112	0.0	140051	1051.33985893	0.3
5671.0347186	300	45.5353059727	0.0	138313	1233.67514735	0.3
5673.76383392	300	46.8061906531	0.0	143509	2729.11531956	0.3
5675.2738473	300	49.2961772698	0.0	150616	1510.01338334	0.3
5677.39620913	300	51.1738154354	0.0	165384	2122.36183442	0.3
5680.26899518	300	52.3010293911	0.0	140881	2872.78604432	0.3
5683.09147068	300	53.4785538865	0.0	157671	2822.47550456	0.3
5687.54217424	300	53.0278503323	0.0	157812	4450.70355417	0.3
5691.91510489	300	52.654919683	0.0	163927	4372.93064933	0.3
5694.68448045	300	53.8855441205	0.0	137654	2769.3755625	0.3
5696.73797315	300	55.8320514176	0.0	146754	2053.49270286	0.3
5698.05450872	300	58.5155158452	0.0	153938	1316.53557245	0.3
5718.25463465	4300	42.3153899211	0.0	2395588	20200.1259241	0.3
5741.6295449	4300	22.9404796639	0.0	1972048	23374.9102572	4.3
5761.29396568	4300	7.27605888695	0.0	2134614	19664.420777	4.3
5763.73663985	300	8.83338472027	0.0	149029	2442.67416668	-3.7
5765.53987293	300	11.0301516436	0.0	157421	1803.23307666	0.3
5766.57999926	300	13.9900253133	0.0	157488	1040.12633029	0.3
5767.59922892	300	16.9707956465	0.0	143881	1019.22966684	0.3
5769.12169897	300	19.4483256024	0.0	163444	1522.47004407	0.3
5770.8338561	300	21.7361684718	0.0	179328	1712.15713059	0.3
5771.95894342	300	24.611081149	0.0	159914	1125.08732279	0.3
5772.90944247	300	27.6605821028	0.0	131610	950.499046208	0.3
5773.90088301	300	30.6691415547	0.0	124011	991.440548161	0.3
5775.09242772	300	33.4775968459	0.0	144254	1191.54470875	0.3
5776.23672241	300	36.3333021633	0.0	149991	1144.29468259	0.3
5777.46859349	300	39.1014310782	0.0	147968	1231.87108515	0.3
5778.45528494	300	42.1147396247	0.0	161857	986.691453506	0.3
5779.44314714	300	45.1268774326	0.0	145210	987.862192103	0.3
5780.72361446	300	47.8464101072	0.0	172312	1280.46732536	0.3
5783.00025153	300	49.5697730355	0.0	167025	2276.63707171	0.3
5785.1986223	300	51.3714022713	0.0	160064	2198.37076418	0.3
5786.66290088	300	53.907123692	0.0	137507	1464.27857932	0.3
5788.46917164	300	56.1008529264	0.0	118421	1806.2707656	0.3

