4029.9732434	750	4.0	4.95556425311	450283	4955.56425311	-20.5589262884
4033.0751136	300	4.89812980314	0.0	155580	3101.87019686	-0.15
4037.60718285	300	4.36606055268	0.0	139857	4532.06925047	0.3
4042.06774092	300	4.0	0.0944975189931	155432	4460.55807167	-0.10633933167
4046.27031533	300	4.0	0.202574408124	163442	4202.57440812	-0.571069954931
4048.83195181	300	5.43836351943	0.0	126289	2561.63648057	0.3
4052.37670021	300	5.89361512382	0.0	153295	3544.74839561	0.3
4056.55104341	300	5.71927192146	0.0	173849	4174.34320237	0.3
4060.26473141	300	6.00558391866	0.0	150710	3713.68800279	0.3
4064.9348597	300	5.33545563039	0.0	139105	4670.12828827	0.3
4070.47055406	300	4.0	0.20023873075	141840	5535.69436114	-0.561026542225
4073.88889761	300	4.58165644813	0.0	156148	3418.34355187	0.3
4076.53896988	300	5.93158418019	0.0	160746	2650.07226793	0.3
4078.71550962	300	7.75504444375	0.0	179801	2176.53973645	0.3
4080.83090159	300	9.63965247498	0.0	140051	2115.39196877	0.3
4083.45010218	300	11.0204518797	0.0	138313	2619.20059528	0.3
4086.12036501	300	12.3501890556	0.0	143509	2670.26282406	0.3
4087.55128892	300	14.9192651447	0.0	150616	1430.92391091	0.3
4088.77937412	300	17.6911799396	0.0	165384	1228.08520512	0.3
4089.8759985	300	20.5945555599	0.0	140881	1096.62437971	0.3
4091.53322565	300	22.9373284122	0.0	157671	1657.22714765	0.3
4093.0606539	300	25.4099001652	0.0	157812	1527.428247	0.3
4094.41885118	300	28.0517028817	0.0	163927	1358.19728354	0.3
4095.73285747	300	30.7376965894	0.0	137654	1314.00629229	0.3
4097.24030668	300	33.230247382	0.0	146754	1507.44920739	0.3
4098.83182154	300	35.638732518	0.0	153938	1591.51486403	0.3
4100.46247839	300	38.0080756745	0.0	181901	1630.65684353	0.3
4101.44240175	300	41.0281523116	0.0	111155	979.923362817	0.3
4102.38729813	300	44.0832559335	0.0	153605	944.896378126	0.3
4103.64300689	300	46.8275471724	0.0	149029	1255.70876108	0.3
4105.81827899	300	48.6522750708	0.0	157421	2175.27210167	0.3
4109.90985159	300	48.5607024739	0.0	157488	4091.5725969	0.3
4113.69750837	300	48.7730456937	0.0	143881	3787.65678015	0.3
4117.47220229	300	48.9983517739	0.0	163444	3774.69391984	0.3
4121.76463415	300	48.7059199128	0.0	179328	4292.43186107	0.3
4125.37592118	300	49.0946328832	0.0	159914	3611.28702965	0.3
4127.76823024	300	50.7023238186	0.0	131610	2392.30906455	0.3
4129.15333438	300	53.3172196765	0.0	124011	1385.10414209	0.3
4130.9536291	300	55.5169249557	0.0	144254	1800.29472082	0.3
4133.00173625	300	57.4688178144	0.0	149991	2048.10714134	0.3
4134.90993299	300	59.560621071	0.0	147968	1908.19674337	0.3
4137.03995842	300	59.9767351912	0.0	161857	1583.8858798	0.3
4139.8906409	300	59.5994637788	0.0	145210	2377.27141243	0.3
4141.67296221	300	59.800008647	0.0	172312	1299.45513171	0.3
4143.67731398	300	59.6642658034	0.0	167025	1135.74284368	0.3
4161.9513611	4300	45.3902186886	0.0	2246506	18274.0471147	0.3
4175.29709331	4300	36.0444864764	0.0	1961140	13345.7322122	4.3
4196.55255899	4300	18.7890208017	0.0	2155012	21255.4656747	4.3

