2660.67985134	750	4.0	1.91204804822	450283	1912.04804822	-7.47180660736
2661.41044052	300	7.26941081981	0.0	155580	730.589180193	-0.15
2662.14629547	300	10.5335558672	0.0	139857	735.854952652	0.3
2662.90805915	300	13.7717921896	0.0	155432	761.763677537	0.3
2663.67382606	300	17.0060252827	0.0	163442	765.766906953	0.3
2664.25933708	300	20.4205142584	0.0	126289	585.511024282	0.3
2665.3586359	300	23.3212154353	0.0	153295	1099.29882304	0.3
2667.12959329	300	25.5502580451	0.0	173849	1770.95739027	0.3
2669.5429006	300	27.1369507366	0.0	150710	2413.30730844	0.3
2672.24383426	300	28.4360170812	0.0	139105	2700.93365539	0.3
2675.06573436	300	29.614116975	0.0	141840	2821.90010619	0.3
2676.34051399	300	32.3393373458	0.0	156148	1274.77962922	0.3
2677.64812829	300	35.0317230495	0.0	160746	1307.61429631	0.3
2678.89629165	300	37.7835596892	0.0	179801	1248.16336031	0.3
2680.11363085	300	40.5662204856	0.0	140051	1217.33920359	0.3
2681.49141557	300	43.1884357684	0.0	138313	1377.78471726	0.3
2683.0840246	300	45.5958267415	0.0	143509	1592.60902685	0.3
2684.94535082	300	47.7345005142	0.0	150616	1861.32622734	0.3
2685.8783062	300	50.8015451352	0.0	165384	932.955378968	0.3
2686.74900729	300	53.9308440506	0.0	140881	870.70108461	0.3
2687.75874469	300	56.9211066519	0.0	157671	1009.7373987	0.3
2688.71298432	300	59.9668670167	0.0	157812	954.239635203	0.3
2699.96827304	4300	52.7115782941	0.0	2221506	11255.2887226	0.3
2728.43514937	4300	28.2447019677	0.0	2044075	28466.8763263	4.3
2750.77068496	4300	9.90916637506	0.0	2186790	22335.5355927	4.3
2754.17056858	750	10.509282762	0.0	379700	3399.88361307	-2.8
2755.5140224	300	13.165828938	0.0	181901	1343.45382397	-0.15
2756.36323158	300	16.3166197573	0.0	111155	849.209180731	0.3
2757.26625315	300	19.4135981932	0.0	153605	903.021564126	0.3
2758.03499429	300	22.6448570511	0.0	149029	768.741142026	0.3
2758.67283576	300	26.0070155748	0.0	157421	637.841476353	0.3
2759.39213465	300	29.287716689	0.0	157488	719.298885762	0.3
2760.05619796	300	32.6236533764	0.0	143881	664.063312648	0.3
2760.8125905	300	35.8672608361	0.0	163444	756.392540242	0.3
2761.73538951	300	38.9444618323	0.0	179328	922.799003786	0.3
2762.76305324	300	41.9167980935	0.0	159914	1027.66373886	0.3
2763.50494901	300	45.1749023242	0.0	131610	741.89576929	0.3
2764.18238673	300	48.4974646041	0.0	124011	677.437720073	0.3
2764.91423428	300	51.76561706	0.0	144254	731.847544084	0.3
2765.65298516	300	55.0268661771	0.0	149991	738.750882935	0.3
2766.38855275	300	58.2912985881	0.0	147968	735.567589	0.3
2775.29762688	4300	53.382224456	0.0	2184571	8909.07413206	0.3
2784.3429742	4300	48.3368771408	0.0	2121928	9045.34731525	4.3
2807.10547721	4300	29.5743741274	0.0	2219102	22762.5030134	4.3
2818.18576959	4300	22.4940817478	0.0	2124950	11080.2923796	4.3
2829.77953938	4300	14.9003119541	0.0	2246506	11593.7697937	4.3
2831.51241361	750	17.1674377249	0.0	331053	1732.8742292	-2.8
2832.28009171	300	20.3997596315	0.0	118421	767.678093306	-0.15

