2484.02163307	750	4.0	1.72277845272	450283	1722.77845272	-6.6579473467
2484.7242141	300	7.29741896409	0.0	155580	702.581035906	-0.15
2485.41995605	300	10.6016770229	0.0	139857	695.74194123	0.3
2486.238119	300	13.7835140675	0.0	155432	818.162955338	0.3
2487.13609296	300	16.8855401037	0.0	163442	897.973963843	0.3
2487.76627757	300	20.2553555025	0.0	126289	630.184601218	0.3
2488.43723235	300	23.5844007193	0.0	153295	670.954783161	0.3
2489.12185936	300	26.8997737067	0.0	173849	684.627012568	0.3
2489.71060011	300	30.3110329602	0.0	150710	588.740746506	0.3
2490.26161907	300	33.7600139988	0.0	139105	551.018961436	0.3
2490.82941614	300	37.1922169254	0.0	141840	567.797073403	0.3
2491.44946768	300	40.5721653912	0.0	156148	620.051534176	0.3
2492.05352436	300	43.9681087126	0.0	160746	604.056678601	0.3
2492.68855116	300	47.3330819102	0.0	179801	635.026802369	0.3
2493.29691001	300	50.7247230553	0.0	140051	608.358854943	0.3
2493.99046425	300	54.0311688163	0.0	138313	693.554238966	0.3
2494.71152562	300	57.3101074505	0.0	143509	721.061365795	0.3
2495.75275563	300	59.5758280186	0.0	150616	734.279431986	0.3
2508.05070677	4300	51.2778768756	0.0	2220726	12297.951143	0.3
2520.34814053	4300	42.9804431133	0.0	2156729	12297.4337622	4.3
2534.42009656	4300	32.9084870884	0.0	2039773	14071.956025	4.3
2552.57046565	4300	18.7581179979	0.0	2176469	18150.3690905	4.3
2583.16983537	4300	4.0	11.8412517274	2221506	30599.3697253	-46.6173824278
2585.23717798	750	5.93265739559	0.0	343800	2067.34260441	-2.8
2587.82398401	750	7.34585135899	0.0	359903	2586.8060366	0.75
2588.90225827	300	10.2675770999	0.0	153938	1078.2742591	-0.15
2590.09262898	300	13.0772063888	0.0	181901	1190.37071111	0.3
2590.81731375	300	16.3525216273	0.0	111155	724.684761467	0.3
2591.82183026	300	19.3480051175	0.0	153605	1004.51650982	0.3
2592.75537213	300	22.4144632442	0.0	149029	933.541873317	0.3
2593.66547256	300	25.5043628149	0.0	157421	910.100429319	0.3
2594.56743906	300	28.6023963132	0.0	157488	901.966501678	0.3
2595.46552624	300	31.7043091298	0.0	143881	898.087183331	0.3
2596.55481566	300	34.6150197178	0.0	163444	1089.28941206	0.3
2598.05567648	300	37.1141588912	0.0	179328	1500.86082658	0.3
2599.84428533	300	39.3255500431	0.0	159914	1788.60884808	0.3
2600.90374092	300	42.2660944499	0.0	131610	1059.45559327	0.3
2601.61712378	300	45.5527115906	0.0	124011	713.382859246	0.3
2602.46810276	300	48.7017326155	0.0	144254	850.978975108	0.3
2603.43322563	300	51.7366097454	0.0	149991	965.122870123	0.3
2604.61363819	300	54.5561971859	0.0	147968	1180.4125595	0.3
2606.09708696	300	57.0727484167	0.0	161857	1483.44876923	0.3
2607.46090134	300	59.708934038	0.0	145210	1363.81437868	0.3
2609.07723091	300	59.8833173808	0.0	172312	1325.61665714	0.3
2610.47525187	300	59.5596633347	0.0	167025	823.654046189	0.3
2619.78189666	4300	54.2530185491	0.0	2246506	9306.64478558	0.3
2631.73086421	4300	46.3040510028	0.0	1961140	11948.9675463	4.3
2658.76780329	4300	23.2671119179	0.0	2155012	27036.9390849	4.3

