1415.18228822	750	4.0	6.57969268902	450283	6579.69268902	-27.5426785628
1416.16907613	300	7.01321208385	0.0	155580	986.78791615	-0.15
1418.11726218	300	9.06502603174	0.0	139857	1948.18605211	0.3
1422.12338595	300	9.05890226599	0.0	155432	4006.12376575	0.3
1426.2169325	300	8.96535571332	0.0	163442	4093.54655267	0.3
1428.32550369	300	10.8567845244	0.0	126289	2108.57118894	0.3
1430.50178357	300	12.6805046488	0.0	153295	2176.27987562	0.3
1433.91557651	300	13.2667117083	0.0	173849	3413.79294043	0.3
1436.76954233	300	14.4127458829	0.0	150710	2853.96582548	0.3
1439.30512835	300	15.877159861	0.0	139105	2535.58602183	0.3
1440.80766125	300	18.3746269663	0.0	141840	1502.53289471	0.3
1442.03237676	300	21.149911454	0.0	156148	1224.71551232	0.3
1443.23884934	300	23.9434388748	0.0	160746	1206.47257924	0.3
1444.39205621	300	26.7902320048	0.0	179801	1153.20686993	0.3
1445.20405893	300	29.9782292823	0.0	140051	812.002722509	0.3
1446.04430457	300	33.1379836462	0.0	138313	840.245636109	0.3
1447.06883236	300	36.1134558603	0.0	143509	1024.52778592	0.3
1448.18852933	300	38.9937588901	0.0	150616	1119.69697024	0.3
1449.3883094	300	41.7939788195	0.0	165384	1199.78007057	0.3
1450.39662561	300	44.7856626038	0.0	140881	1008.31621567	0.3
1451.50125662	300	47.6810315957	0.0	157671	1104.63100815	0.3
1452.46922097	300	50.7130672507	0.0	157812	967.964345016	0.3
1453.53047186	300	53.6518163604	0.0	163927	1061.25089024	0.3
1454.41426734	300	56.7680208733	0.0	137654	883.795487077	0.3
1455.2616569	300	59.9206313161	0.0	146754	847.389557211	0.3
1470.11362113	4300	49.0686670846	0.0	2105231	14851.9642316	0.3
1480.77856495	4300	42.4037232639	0.0	2395588	10664.9438207	4.3
1489.02112796	4300	38.1611602529	0.0	1972048	8242.56301094	4.3
1502.47643683	4300	28.7058513881	0.0	2134614	13455.3088649	4.3
1544.62787346	4300	4.0	13.4455852413	2164140	42151.4366294	-53.5160165377
1548.41533463	750	4.21253882796	0.0	358218	3787.46117204	-2.8
1550.45882121	750	6.16905224609	0.0	400322	2043.48658186	0.75
1551.30096811	300	9.32690534316	0.0	143881	842.146902936	-0.15
1552.24361288	300	12.3842605792	0.0	163444	942.644763957	0.3
1553.09380321	300	15.5340702495	0.0	179328	850.190329671	0.3
1553.92325271	300	18.7046207507	0.0	159914	829.44949886	0.3
1554.69637243	300	21.9315010306	0.0	131610	773.119720093	0.3
1555.519868	300	25.1080054579	0.0	124011	823.495572703	0.3
1557.09829564	300	27.529577815	0.0	144254	1578.42764285	0.3
1559.36048972	300	29.2673837374	0.0	149991	2262.19407765	0.3
1562.41806571	300	30.2098077456	0.0	147968	3057.57599174	0.3
1565.46270176	300	31.1651716972	0.0	161857	3044.63604842	0.3
1567.11971526	300	33.5081581932	0.0	145210	1657.01350405	0.3
1568.45633719	300	36.1715362654	0.0	172312	1336.62192776	0.3
1569.64769264	300	38.9801808213	0.0	167025	1191.35544413	0.3
1570.79849369	300	41.8293797626	0.0	160064	1150.80105869	0.3
1571.79920939	300	44.8286640651	0.0	137507	1000.71569745	0.3
1572.66324048	300	47.9646329723	0.0	118421	864.031092813	0.3

