20277.4711508	750	4.0	3.53884036681	450283	3538.84036681	-14.4670135773
20278.9235499	300	6.54760092985	0.0	155580	1452.39907015	-0.15
20280.262054	300	9.20909684796	0.0	139857	1338.50408189	0.3
20281.6318885	300	11.8392623002	0.0	155432	1369.83454773	0.3
20283.1884936	300	14.2826572525	0.0	163442	1556.60504772	0.3
20284.7356064	300	16.7355443865	0.0	126289	1547.11286597	0.3
20286.4002433	300	19.0709075599	0.0	153295	1664.63682662	0.3
20287.993318	300	21.4778328543	0.0	173849	1593.07470564	0.3
20290.0472989	300	23.4238519001	0.0	150710	2053.98095419	0.3
20291.4883683	300	25.9827825006	0.0	139105	1441.06939946	0.3
20292.8478999	300	28.623250914	0.0	141840	1359.53158669	0.3
20294.3742063	300	31.0969445778	0.0	156148	1526.30633616	0.3
20296.0060432	300	33.4651076079	0.0	160746	1631.83696991	0.3
20298.1268763	300	35.3442745098	0.0	179801	2120.83309811	0.3
20300.4731506	300	36.9980002581	0.0	140051	2346.27425165	0.3
20301.4646519	300	40.0064989537	0.0	138313	991.501304397	0.3
20302.4374661	300	43.0336846898	0.0	143509	972.814263917	0.3
20303.5881122	300	45.8830385848	0.0	150616	1150.64610503	0.3
20304.9007054	300	48.5704453951	0.0	165384	1312.59318964	0.3
20305.9506952	300	51.520455595	0.0	140881	1049.98980013	0.3
20307.1562684	300	54.3148824718	0.0	157671	1205.57312321	0.3
20308.5063417	300	56.9648091761	0.0	157812	1350.07329574	0.3
20310.0653933	300	59.4057575389	0.0	163927	1559.05163713	0.3
20312.4446928	300	59.6726491996	0.0	137654	1233.10833938	0.3
20315.300994	300	59.5475941989	0.0	146754	1625.05500064	0.3
20317.1609104	300	59.5132591725	0.0	153938	1534.3350264	0.3
20319.0369353	300	59.5980373563	0.0	181901	1415.22181619	0.3
20330.8300743	4300	51.8048983294	0.0	1972048	11793.1390269	0.3
20346.1149764	4300	40.5199962466	0.0	2134614	15284.9020828	4.3
20373.5620798	4300	17.0728928325	0.0	2164140	27447.1034141	4.3
20399.8403944	4300	4.0	9.20542175453	2113193	26278.3145871	-35.2833135445
20402.7710815	750	5.06931287204	0.0	400322	2930.68712796	-2.8
20405.2175216	750	6.62287273633	0.0	369834	2446.4401357	0.75
20406.372388	300	9.46800634206	0.0	163444	1154.86639427	-0.15
20407.6303029	300	12.2100914254	0.0	179328	1257.91491667	0.3
20408.8315739	300	15.0088204813	0.0	159914	1201.27094413	0.3
20409.8400308	300	18.0003635528	0.0	131610	1008.45692843	0.3
20410.7284931	300	21.1119012835	0.0	124011	888.462269343	0.3
20411.6973637	300	24.1430306335	0.0	144254	968.870650019	0.3
20412.8288382	300	27.0115561302	0.0	149991	1131.47450321	0.3
20413.7126359	300	30.1277584542	0.0	147968	883.797676082	0.3
20414.9031607	300	32.9372336539	0.0	161857	1190.52480022	0.3
20415.9756476	300	35.8647468039	0.0	145210	1072.48685007	0.3
20417.2996587	300	38.5407357017	0.0	172312	1324.01110215	0.3
20418.6135143	300	41.2268800572	0.0	167025	1313.85564447	0.3
20420.4479251	300	43.3924692594	0.0	160064	1834.41079789	0.3
20422.2530511	300	45.5873432621	0.0	137507	1805.12599723	0.3
20423.1881585	300	48.6522358329	0.0	118421	935.107429174	0.3

