12961.2268553	750	4.0	3.00064573484	450283	3000.64573484	-12.1527766598
12962.4695934	300	6.75726189567	0.0	155580	1242.73810433	-0.15
12963.3612858	300	9.8655694646	0.0	139857	891.692431069	0.3
12964.3944411	300	12.8324142005	0.0	155432	1033.15526408	0.3
12965.5171359	300	15.7097194371	0.0	163442	1122.69476345	0.3
12966.4283359	300	18.7985194151	0.0	126289	911.200021943	0.3
12967.7756167	300	21.4512386118	0.0	153295	1347.28080336	0.3
12969.5382505	300	23.6886047803	0.0	173849	1762.63383152	0.3
12971.0620229	300	26.1648323564	0.0	150710	1523.77242384	0.3
12972.580148	300	28.6467072799	0.0	139105	1518.12507656	0.3
12974.3799554	300	30.846899884	0.0	141840	1799.80739584	0.3
12976.4789398	300	32.7479155331	0.0	156148	2098.98435095	0.3
12977.7687062	300	35.4581490893	0.0	160746	1289.76644377	0.3
12978.8533681	300	38.3734872286	0.0	179801	1084.66186065	0.3
12979.7989536	300	41.4279017308	0.0	140051	945.585497821	0.3
12980.8275454	300	44.3993098952	0.0	138313	1028.5918356	0.3
12981.8706159	300	47.3562394113	0.0	143509	1043.0704839	0.3
12982.8598101	300	50.367045161	0.0	150616	989.194250351	0.3
12983.9591696	300	53.2676857078	0.0	165384	1099.3594532	0.3
12985.3531892	300	55.8736661066	0.0	140881	1394.01960111	0.3
12986.5967081	300	58.630147193	0.0	157671	1243.51891365	0.3
12987.9009326	300	59.7132842826	0.0	157812	916.862910437	0.3
13000.1367069	4300	51.477510005	0.0	2221506	12235.7742775	0.3
13008.8438525	4300	46.7703643752	0.0	2044075	8707.14562977	4.3
13022.6651465	4300	36.9490703422	0.0	2186790	13821.2940331	4.3
13038.3767835	4300	25.2374334173	0.0	2105231	15711.6369249	4.3
13051.0353996	4300	16.5788172506	0.0	2395588	12658.6161667	4.3
13060.9477353	4300	10.6664815622	0.0	1972048	9912.33568838	4.3
13062.9548654	750	12.6593514742	0.0	400396	2007.130088	-2.8
13063.869106	300	15.7451108655	0.0	149029	914.240608701	-0.15
13064.8306803	300	18.783536601	0.0	157421	961.574264517	0.3
13065.8407403	300	21.7734765733	0.0	157488	1010.0600277	0.3
13067.2343923	300	24.3798245486	0.0	143881	1393.6520247	0.3
13068.7299498	300	26.8842670315	0.0	163444	1495.55751714	0.3
13070.117241	300	29.4969758422	0.0	179328	1387.29118928	0.3
13071.292718	300	32.3214989261	0.0	159914	1175.47691609	0.3
13072.4032785	300	35.2109383282	0.0	131610	1110.56059792	0.3
13073.3720167	300	38.2422001369	0.0	124011	968.738191219	0.3
13074.6355776	300	40.9786393071	0.0	144254	1263.56082986	0.3
13076.0701938	300	43.5440231214	0.0	149991	1434.61618569	0.3
13077.5329235	300	46.0812933375	0.0	147968	1462.72978393	0.3
13079.2586591	300	48.355557766	0.0	161857	1725.73557153	0.3
13081.3507162	300	50.2635006372	0.0	145210	2092.05712872	0.3
13082.3324139	300	53.2818029621	0.0	172312	981.697675179	0.3
13082.9743988	300	56.6398181163	0.0	167025	641.984845737	0.3
13094.1761663	4300	49.4380506228	0.0	2246506	11201.7674936	0.3
13111.7117194	4300	35.9024974408	0.0	1961140	17535.5531819	4.3
13124.2824575	4300	27.3317593979	0.0	2155012	12570.7380429	4.3

