6791.86927057	750	4.0	2.28714889554	450283	2287.14889554	-9.08474025084
6792.89594584	300	6.97332472304	0.0	155580	1026.67527696	-0.15
6793.77747023	300	10.0918003342	0.0	139857	881.524388824	0.3
6794.74175529	300	13.1275152777	0.0	155432	964.285056559	0.3
6795.73547424	300	16.133796327	0.0	163442	993.718950636	0.3
6796.33848372	300	19.5307868442	0.0	126289	603.009482813	0.3
6797.16460055	300	22.7046700144	0.0	153295	826.116829781	0.3
6798.13115111	300	25.738119455	0.0	173849	966.550559396	0.3
6798.89317353	300	28.9760970337	0.0	150710	762.02242133	0.3
6799.5667887	300	32.3024818612	0.0	139105	673.615172543	0.3
6800.33906195	300	35.530208613	0.0	141840	772.273248124	0.3
6801.12792091	300	38.7413496591	0.0	156148	788.858953895	0.3
6802.02463158	300	41.8446389857	0.0	160746	896.710673407	0.3
6802.95818427	300	44.9110862966	0.0	179801	933.552689135	0.3
6803.69443693	300	48.1748336398	0.0	140051	736.252656807	0.3
6804.5713252	300	51.2979453655	0.0	138313	876.888274332	0.3
6805.68412108	300	54.1851494815	0.0	143509	1112.79588394	0.3
6807.24471338	300	56.6245571825	0.0	150616	1560.59229905	0.3
6808.87758241	300	58.9916881521	0.0	165384	1632.86903034	0.3
6811.18735953	300	59.5645299599	0.0	140881	1427.15819225	0.3
6815.00492601	300	59.7469634828	0.0	157671	2317.56647709	0.3
6818.93854171	300	59.813347777	0.0	157812	2933.61570576	0.3
6822.17012896	300	59.5444546864	0.0	163927	2768.89309057	0.3
6826.38106433	300	59.3335193135	0.0	137654	4210.93537299	0.3
6863.34978673	4300	26.3647969137	0.0	2186790	36968.7223998	0.3
6890.41464845	4300	4.0	0.700064803619	2105231	27064.8617173	1.28972134444
6893.04611204	750	5.36853640284	0.0	425781	2631.46359716	-2.8
6893.70152097	300	8.71312747959	0.0	111155	655.408923245	-0.15
6894.80696605	300	11.6076823969	0.0	153605	1105.44508266	0.3
6895.79993213	300	14.6147163141	0.0	149029	992.966082818	0.3
6896.74682412	300	17.6678243259	0.0	157421	946.891988192	0.3
6897.7202432	300	20.6944052497	0.0	157488	973.419076213	0.3
6898.62367331	300	23.7909751366	0.0	143881	903.430113108	0.3
6899.56961205	300	26.8450364003	0.0	163444	945.938736311	0.3
6900.56845831	300	29.8461901323	0.0	179328	998.846267998	0.3
6901.72248573	300	32.6921627144	0.0	159914	1154.02741785	0.3
6902.87612631	300	35.5385221406	0.0	131610	1153.64057387	0.3
6904.4530129	300	37.9616355486	0.0	124011	1576.88659194	0.3
6906.22730688	300	40.1873415657	0.0	144254	1774.29398297	0.3
6907.55598069	300	42.858667758	0.0	149991	1328.67380762	0.3
6908.54557759	300	45.8690708544	0.0	147968	989.596903636	0.3
6909.86892639	300	48.5457220585	0.0	161857	1323.34879595	0.3
6911.0643967	300	51.3502517442	0.0	145210	1195.47031429	0.3
6912.53544675	300	53.8792016985	0.0	172312	1471.05004564	0.3
6914.0198396	300	56.3948088464	0.0	167025	1484.39285218	0.3
6915.58787325	300	58.826775193	0.0	160064	1568.03365335	0.3
6918.58646797	300	59.8281804782	0.0	137507	1498.59471478	0.3
6920.80416292	300	59.733849512	0.0	118421	1594.33096625	0.3

