12798.8638292	750	4.0	6.61921271454	450283	6619.21271454	-27.7126146725
12800.9747916	300	5.88903765575	0.0	155580	2110.96234425	-0.15
12802.7808536	300	8.08297565196	0.0	139857	1806.06200379	0.3
12805.4984415	300	9.36538774084	0.0	155432	2717.58791112	0.3
12808.1146097	300	10.7492195371	0.0	163442	2616.16820373	0.3
12809.7136631	300	13.1501661026	0.0	126289	1599.05343456	0.3
12811.7373862	300	15.126443052	0.0	153295	2023.72305055	0.3
12814.9339762	300	15.9298529937	0.0	173849	3196.59005826	0.3
12817.9555558	300	16.9082734406	0.0	150710	3021.57955311	0.3
12819.8322339	300	19.0315953533	0.0	139105	1876.67808735	0.3
12822.1684914	300	20.6953378154	0.0	141840	2336.25753792	0.3
12824.18681	300	22.6770191756	0.0	156148	2018.3186398	0.3
12826.2488054	300	24.6150238334	0.0	160746	2061.99534212	0.3
12828.4904783	300	26.3733508862	0.0	179801	2241.67294727	0.3
12830.1219136	300	28.7419156049	0.0	140051	1631.43528127	0.3
12831.8204916	300	31.0433376553	0.0	138313	1698.57794959	0.3
12833.9040857	300	32.9597434739	0.0	143509	2083.59418143	0.3
12835.2332527	300	35.6305764848	0.0	150616	1329.16698908	0.3
12836.3879982	300	38.4758310049	0.0	165384	1154.74547991	0.3
12837.6230765	300	41.2407527192	0.0	140881	1235.07828573	0.3
12839.3112492	300	43.5525799657	0.0	157671	1688.17275346	0.3
12841.0205295	300	45.8432997467	0.0	157812	1709.28021897	0.3
12842.8001582	300	48.0636709858	0.0	163927	1779.62876092	0.3
12843.9791694	300	50.884659774	0.0	137654	1179.01121181	0.3
12845.320142	300	53.5436872332	0.0	146754	1340.9725408	0.3
12846.7436251	300	56.1202040714	0.0	153938	1423.48316176	0.3
12848.1997987	300	58.6640304783	0.0	181901	1456.17359316	0.3
12850.1494745	300	59.7667836384	0.0	111155	897.246839915	0.3
12867.8514687	4300	46.0647894115	0.0	2134614	17701.9942269	0.3
12895.4903747	4300	22.4258833596	0.0	2164140	27638.9060519	4.3
12920.2727639	4300	4.0	2.35650577072	2113193	24782.3891303	-5.8329748141
12924.7011725	750	4.0	0.428408614976	400322	4428.40861498	-4.6421570444
12926.3005123	300	6.40066017911	0.0	143881	1599.33982089	-0.15
12928.2114546	300	8.48971785497	0.0	163444	1910.94232415	0.3
12930.1472584	300	10.5539141084	0.0	179328	1935.80374659	0.3
12932.0865454	300	12.6146271395	0.0	159914	1939.28696885	0.3
12933.7370261	300	14.9641463653	0.0	131610	1650.48077418	0.3
12935.7037781	300	16.9973943511	0.0	124011	1966.7520142	0.3
12938.2648838	300	18.4362886759	0.0	144254	2561.10567524	0.3
12940.570736	300	20.1304365055	0.0	149991	2305.85217038	0.3
12942.8742178	300	21.8269546819	0.0	147968	2303.4818236	0.3
12945.6632665	300	23.0379059752	0.0	161857	2789.04870668	0.3
12947.8041503	300	24.8970221572	0.0	145210	2140.88381801	0.3
12950.0612527	300	26.6399197537	0.0	172312	2257.10240356	0.3
12952.3350683	300	28.3661042394	0.0	167025	2273.81551426	0.3
12954.6076388	300	30.0935337218	0.0	160064	2272.57051761	0.3
12956.4784311	300	32.2227414104	0.0	137507	1870.79231145	0.3
12958.2262096	300	34.4749629358	0.0	118421	1747.77847452	0.3

