10839.8173758	750	4.0	6.81001791782	450283	6810.01791782	-28.5330770466
10840.9816911	300	6.83568469968	0.0	155580	1164.31530032	-0.15
10841.9398247	300	9.87755114826	0.0	139857	958.133551422	0.3
10843.0688881	300	12.7484877054	0.0	155432	1129.06344289	0.3
10844.3636652	300	15.4537105667	0.0	163442	1294.77713865	0.3
10845.3302538	300	18.4871220011	0.0	126289	966.588565661	0.3
10846.4503383	300	21.3670375236	0.0	153295	1120.08447746	0.3
10847.7129178	300	24.1044580541	0.0	173849	1262.57946945	0.3
10848.8133124	300	27.0040634641	0.0	150710	1100.39459006	0.3
10849.8509257	300	29.9664500922	0.0	139105	1037.6133719	0.3
10850.9333701	300	32.8840057179	0.0	141840	1082.44437424	0.3
10852.1728773	300	35.6444985303	0.0	156148	1239.50718767	0.3
10853.2970563	300	38.5203194875	0.0	160746	1124.17904279	0.3
10854.663046	300	41.154329793	0.0	179801	1365.98969451	0.3
10855.7353675	300	44.0820083605	0.0	140051	1072.32143246	0.3
10856.9252711	300	46.8921047078	0.0	138313	1189.90365276	0.3
10858.4127776	300	49.4045982541	0.0	143509	1487.50645368	0.3
10859.8582333	300	51.9591425314	0.0	150616	1445.45572268	0.3
10861.2584793	300	54.5588965557	0.0	165384	1400.24597568	0.3
10862.4670618	300	57.3503140087	0.0	140881	1208.58254696	0.3
10863.9997036	300	59.6188450718	0.0	157671	1231.46893698	0.3
10865.3516233	300	59.9284715782	0.0	157812	1190.37349358	0.3
10887.0540649	4300	42.2260300737	0.0	2221506	21702.4415044	0.3
10906.475062	4300	26.8050329139	0.0	2044075	19420.9971598	4.3
10930.2264034	4300	7.05369156045	0.0	2186790	23751.3413535	4.3
10931.8503267	300	9.42976827082	0.0	153938	1623.92328963	-3.7
10933.8033237	300	11.4767711827	0.0	181901	1952.99708808	0.3
10935.5112889	300	13.7688060586	0.0	111155	1707.96512413	0.3
10937.4780771	300	15.8020178244	0.0	153605	1966.78823423	0.3
10941.4074149	300	15.8726799785	0.0	149029	3929.33784587	0.3
10945.3535196	300	15.92657529	0.0	157421	3946.10468849	0.3
10948.8523003	300	16.4277945976	0.0	157488	3498.78069248	0.3
10951.8136884	300	17.4664065158	0.0	143881	2961.38808179	0.3
10954.2123369	300	19.0677580478	0.0	163444	2398.64846799	0.3
10955.684514	300	21.5955809379	0.0	179328	1472.17710988	0.3
10956.8324881	300	24.447606787	0.0	159914	1147.97415094	0.3
10957.7965124	300	27.4835825748	0.0	131610	964.024212142	0.3
10958.6452369	300	30.6348580515	0.0	124011	848.72452329	0.3
10959.7623474	300	33.5177474925	0.0	144254	1117.11055901	0.3
10962.1446087	300	35.1354862165	0.0	149991	2382.26127606	0.3
10963.7363488	300	37.5437461022	0.0	147968	1591.74011426	0.3
10964.9814878	300	40.2986071685	0.0	161857	1245.13893365	0.3
10966.0180456	300	43.2620493587	0.0	145210	1036.55780983	0.3
10967.3036764	300	45.9764185629	0.0	172312	1285.63079585	0.3
10968.4371814	300	48.8429135178	0.0	167025	1133.50504503	0.3
10969.4211437	300	51.8589512531	0.0	160064	983.962264713	0.3
10970.3060085	300	54.9740864511	0.0	137507	884.864801972	0.3
10971.0747129	300	58.205382056	0.0	118421	768.704395184	0.3

