13593.5563144	750	4.0	1.64389318859	450283	1643.89318859	-6.31874071096
13594.2484925	300	7.30782198912	0.0	155580	692.178010883	-0.15
13594.89353	300	10.6627844542	0.0	139857	645.037534946	0.3
13595.6912948	300	13.8650196464	0.0	155432	797.764807805	0.3
13596.5949318	300	16.9613826284	0.0	163442	903.637017935	0.3
13597.2339103	300	20.322404092	0.0	126289	638.978536464	0.3
13597.9612134	300	23.59510103	0.0	153295	727.303061987	0.3
13598.7537299	300	26.8025845681	0.0	173849	792.516461876	0.3
13599.4513962	300	30.1049182625	0.0	150710	697.666305628	0.3
13600.1727998	300	33.3835146285	0.0	139105	721.403633979	0.3
13600.9263758	300	36.6299386789	0.0	141840	753.575949644	0.3
13601.771312	300	39.7850023969	0.0	156148	844.936281983	0.3
13602.7450671	300	42.8112473534	0.0	160746	973.755043485	0.3
13604.3417581	300	45.2145563072	0.0	179801	1596.69104617	0.3
13605.1573002	300	48.3990142162	0.0	140051	815.542090973	0.3
13605.9986134	300	51.5577010597	0.0	138313	841.313156536	0.3
13606.828942	300	54.7273724459	0.0	143509	830.328613851	0.3
13607.5680099	300	57.9883045	0.0	150616	739.067945841	0.3
13616.4747842	4300	53.0815302452	0.0	2220726	8906.7742548	0.3
13627.2316132	4300	46.3247012028	0.0	2156729	10756.8290424	4.3
13640.2950996	4300	37.2612148143	0.0	2039773	13063.4863885	4.3
13658.6558788	4300	22.9004356146	0.0	2176469	18360.7791997	4.3
13667.7711167	4300	17.7851977772	0.0	2221506	9115.23783739	4.3
13679.7401722	4300	9.81614228043	0.0	2044075	11969.0554968	4.3
13681.7976756	750	11.7586388393	0.0	359903	2057.50344111	-2.8
13682.3436904	300	15.21262409	0.0	153938	546.014749333	-0.15
13682.9393894	300	18.6169250524	0.0	181901	595.699037602	0.3
13683.3205523	300	22.2357620997	0.0	111155	381.162952677	0.3
13683.8065725	300	25.7497419374	0.0	153605	486.02016231	0.3
13684.3566565	300	29.1996579425	0.0	149029	550.083994916	0.3
13684.9521152	300	32.6041992891	0.0	157421	595.458653348	0.3
13685.5623024	300	35.9940120363	0.0	157488	610.187252828	0.3
13686.1277084	300	39.4286060849	0.0	143881	565.405951423	0.3
13686.7520971	300	42.8042173409	0.0	163444	624.388743979	0.3
13687.3971136	300	46.1592008873	0.0	179328	645.016453588	0.3
13688.2255978	300	49.3307166577	0.0	159914	828.484229611	0.3
13688.8765133	300	52.6798011748	0.0	131610	650.915482951	0.3
13689.4265762	300	56.1297382215	0.0	124011	550.062953298	0.3
13690.0922612	300	59.464053252	0.0	144254	665.684969487	0.3
13698.4111033	4300	55.1452111191	0.0	2146120	8318.84213288	0.3
13704.5915506	4300	52.9647638876	0.0	2108491	6180.44723148	4.3
13711.3589582	4300	50.197356251	0.0	2184571	6767.40763664	4.3
13718.4829047	4300	47.0734097406	0.0	2121928	7123.94651041	4.3
13733.4663956	4300	36.0899188665	0.0	2219102	14983.490874	4.3
13807.3462312	4300	4.0	37.7899167677	2124950	73879.8356342	-158.196642101
13810.7656088	750	4.5806223805	0.0	393804	3419.3776195	-2.8
13812.9958697	750	6.35036154091	0.0	331053	2230.26083958	0.75
13814.7845224	750	8.56170884562	0.0	314107	1788.65269529	0.75

