1864.53352795	750	4.0	6.39280799573	450283	6392.80799573	-26.7390743817
1865.60261556	300	6.93091239026	0.0	155580	1069.08760974	-0.15
1867.08839027	300	9.44513767378	0.0	139857	1485.77471648	0.3
1869.13194963	300	11.401578318	0.0	155432	2043.55935578	0.3
1871.16746048	300	13.3660674645	0.0	163442	2035.51085351	0.3
1872.13876851	300	16.3947594386	0.0	126289	971.308025912	0.3
1873.18577759	300	19.3477503536	0.0	153295	1047.00908496	0.3
1874.55255316	300	21.9809747901	0.0	173849	1366.77556346	0.3
1875.75785132	300	24.7756766256	0.0	150710	1205.29816454	0.3
1876.85047204	300	27.6830559082	0.0	139105	1092.62071743	0.3
1877.93090071	300	30.6026272381	0.0	141840	1080.42867009	0.3
1879.09183033	300	33.4416976134	0.0	156148	1160.92962468	0.3
1880.38729972	300	36.1462282223	0.0	160746	1295.46939115	0.3
1882.59924622	300	37.9342817285	0.0	179801	2211.94649372	0.3
1883.96830667	300	40.5652212789	0.0	140051	1369.06044961	0.3
1885.12437891	300	43.4091490337	0.0	138313	1156.0722452	0.3
1886.21655883	300	46.3169691177	0.0	143509	1092.17991605	0.3
1887.37147297	300	49.1620549749	0.0	150616	1154.91414279	0.3
1888.60426831	300	51.9292596336	0.0	165384	1232.79534128	0.3
1889.76027682	300	54.7732511301	0.0	140881	1156.00850356	0.3
1890.89641776	300	57.6371101907	0.0	157671	1136.14093937	0.3
1892.2812573	300	59.9375393263	0.0	157812	1199.57086439	0.3
1908.21737413	4300	48.0014224916	0.0	2221506	15936.1168347	0.3
1925.12381823	4300	35.0949784	0.0	2044075	16906.4440916	4.3
1940.73251717	4300	23.486279451	0.0	2186790	15608.698949	4.3
1952.41750816	4300	15.8012884647	0.0	2105231	11684.9909863	4.3
1954.296783	300	17.9220136243	0.0	181901	1879.27484032	-3.7
1956.00716178	300	20.2116348416	0.0	111155	1710.37878273	0.3
1957.73840856	300	22.4803880681	0.0	153605	1731.24677347	0.3
1959.23549894	300	24.9832976873	0.0	149029	1497.09038087	0.3
1961.24854364	300	26.9702529857	0.0	157421	2013.04470159	0.3
1963.04459411	300	29.1742025167	0.0	157488	1796.05046896	0.3
1964.26972752	300	31.9490691073	0.0	143881	1225.13340944	0.3
1965.92545062	300	34.2933460016	0.0	163444	1655.72310571	0.3
1967.42639004	300	36.7924065851	0.0	179328	1500.93941651	0.3
1968.4535367	300	39.7652599281	0.0	159914	1027.14665694	0.3
1969.22058093	300	42.9982156994	0.0	131610	767.044228708	0.3
1969.91656282	300	46.3022338057	0.0	124011	695.981893737	0.3
1970.84676794	300	49.3720286885	0.0	144254	930.205117135	0.3
1971.75944896	300	52.4593476672	0.0	149991	912.681021293	0.3
1972.93094332	300	55.2878533029	0.0	147968	1171.49436435	0.3
1974.27234319	300	57.9464534351	0.0	161857	1341.39986783	0.3
1976.38072862	300	59.8380680068	0.0	145210	1108.38542827	0.3
1978.09829101	300	59.9416568596	0.0	172312	1396.41114723	0.3
1979.39951157	300	59.6916221708	0.0	167025	1250.03468874	0.3
1983.0059283	300	59.8540067623	0.0	160064	3337.61540848	0.3
2009.57311517	4300	37.2868198871	0.0	1961140	26567.1868753	0.3
2022.20931955	4300	28.6506155045	0.0	2155012	12636.2043826	4.3

