21228.4840819	750	4.0	0.932155528117	450283	932.155528117	-3.2582687709
21228.8413242	300	7.64275778627	0.0	155580	357.24221373	-0.15
21229.1672377	300	11.3168442766	0.0	139857	325.913509663	0.3
21229.5198242	300	14.9642576995	0.0	155432	352.586577077	0.3
21229.8673404	300	18.6167415384	0.0	163442	347.516161153	0.3
21230.1499601	300	22.3341218421	0.0	126289	282.619696265	0.3
21230.4703367	300	26.0137452036	0.0	153295	320.376638513	0.3
21230.823516	300	29.6605659292	0.0	173849	353.179274376	0.3
21231.154872	300	33.3292099112	0.0	150710	331.356018004	0.3
21231.4820695	300	37.0020124571	0.0	139105	327.197454081	0.3
21231.8138581	300	40.6702238623	0.0	141840	331.788594793	0.3
21232.1693262	300	44.3147557804	0.0	156148	355.468081946	0.3
21232.5266461	300	47.9574358376	0.0	160746	357.319942768	0.3
21232.9047603	300	51.5793216926	0.0	179801	378.114144988	0.3
21236.3800053	4300	52.104076626	0.0	2005399	3475.24506666	0.3
21240.1306899	4300	52.3533920547	0.0	2152483	3750.68457127	4.3
21245.1195549	4300	51.3645270682	0.0	2289689	4988.86498654	4.3
21249.7137402	4300	50.770341737	0.0	2059512	4594.18533118	4.3
21254.3689968	4300	50.1150851765	0.0	2220726	4655.25656046	4.3
21258.2311983	4300	50.252883654	0.0	2156729	3862.20152253	4.3
21262.0314818	4300	50.4526001009	0.0	2039773	3800.28355312	4.3
21266.1262275	4300	50.3578544489	0.0	2176469	4094.74565203	4.3
21271.119298	4300	49.364783988	0.0	2221506	4993.07046086	4.3
21274.8879341	4300	49.5961478952	0.0	2044075	3768.63609282	4.3
21278.8961464	4300	49.5879355349	0.0	2186790	4008.21236028	4.3
21282.8028454	4300	49.681236561	0.0	2105231	3906.69897388	4.3
21287.2165376	4300	49.2675442984	0.0	2395588	4413.69226264	4.3
21290.6806499	4300	49.8034320564	0.0	1972048	3464.11224196	4.3
21294.6511848	4300	49.8328971205	0.0	2134614	3970.53493591	4.3
21298.6394739	4300	49.8446080495	0.0	2164140	3988.28907103	4.3
21302.3288315	4300	50.1552504162	0.0	2113193	3689.35763324	4.3
21306.5507109	4300	49.9333710784	0.0	2147852	4221.87933788	4.3
21310.7496326	4300	49.7344493476	0.0	2191074	4198.92173078	4.3
21315.1720116	4300	49.3120703335	0.0	2286761	4422.37901404	4.3
21319.6046464	4300	48.8794355446	0.0	2307787	4432.63478895	4.3
21323.7012643	4300	48.7828176585	0.0	2143948	4096.61788611	4.3
21327.1839095	4300	49.3001724326	0.0	1919781	3482.64522591	4.3
21331.2513415	4300	49.2327404458	0.0	2147467	4067.43198679	4.3
21335.3572679	4300	49.1268140852	0.0	2133870	4105.92636058	4.3
21339.2595246	4300	49.2245573519	0.0	2146120	3902.25673334	4.3
21342.8807996	4300	49.6032823852	0.0	2108491	3621.27496661	4.3
21346.6717784	4300	49.8123035656	0.0	2184571	3790.97881968	4.3
21350.4749716	4300	50.0091103093	0.0	2121928	3803.19325631	4.3
21355.4109919	4300	49.0730900204	0.0	2219102	4936.02028886	4.3
21360.1596333	4300	48.3244486659	0.0	2124950	4748.64135452	4.3
21364.6667349	4300	47.8173470737	0.0	2246506	4507.10159217	4.3
21368.2641676	4300	48.2199143671	0.0	1961140	3597.43270656	4.3
21372.3654429	4300	48.1186390193	0.0	2155012	4101.27534781	4.3

