7067.0175793	750	4.0	2.43047905599	450283	2430.47905599	-9.70105994075
7068.08746714	300	6.93011215757	0.0	155580	1069.88784243	-0.15
7069.21760625	300	9.79997304682	0.0	139857	1130.13911075	0.3
7070.33841249	300	12.6791668107	0.0	155432	1120.80623608	0.3
7071.41481104	300	15.6027682582	0.0	163442	1076.39855255	0.3
7072.32307141	300	18.6945078876	0.0	126289	908.260370553	0.3
7073.28675192	300	21.730827377	0.0	153295	963.680510598	0.3
7074.40210919	300	24.6154701048	0.0	173849	1115.35727225	0.3
7075.32838818	300	27.6891911221	0.0	150710	926.278982659	0.3
7076.17447681	300	30.8431024913	0.0	139105	846.088630813	0.3
7077.04628505	300	33.9712942476	0.0	141840	871.808243757	0.3
7078.47156539	300	36.5460139108	0.0	156148	1425.28033678	0.3
7079.85008464	300	39.1674946538	0.0	160746	1378.51925702	0.3
7081.93347954	300	41.0840997545	0.0	179801	2083.3948993	0.3
7083.20587073	300	43.8117085697	0.0	140051	1272.39118477	0.3
7084.26835664	300	46.7492226586	0.0	138313	1062.48591107	0.3
7085.29531244	300	49.7222668602	0.0	143509	1026.95579839	0.3
7086.50507974	300	52.512499555	0.0	150616	1209.76730526	0.3
7087.66233894	300	55.3552403616	0.0	165384	1157.25919343	0.3
7089.71352954	300	57.3040497618	0.0	140881	2051.19059971	0.3
7092.3347573	300	58.6828219979	0.0	157671	2621.22776397	0.3
7094.6005225	300	59.7337679827	0.0	157812	1949.05401522	0.3
7099.90296615	300	58.4313243374	0.0	163927	5302.44364525	0.3
7129.64760467	4300	32.6866858134	0.0	2044075	29744.638524	0.3
7143.16492609	4300	23.1693643957	0.0	2186790	13517.3214177	4.3
7152.11580662	4300	18.2184838639	0.0	2105231	8950.88053182	4.3
7152.89779335	300	21.436497135	0.0	181901	781.986728889	-3.7
7153.45775438	300	24.8765361026	0.0	111155	559.961032395	0.3
7154.23569754	300	28.0985929485	0.0	153605	777.9431541	0.3
7154.92682516	300	31.4074653301	0.0	149029	691.12761845	0.3
7155.57831072	300	34.755979762	0.0	157421	651.485568109	0.3
7156.19035922	300	38.1439312616	0.0	157488	612.048500361	0.3
7156.81888813	300	41.5154023574	0.0	143881	628.5289042	0.3
7157.58639251	300	44.7478979758	0.0	163444	767.504381628	0.3
7158.49912211	300	47.835168378	0.0	179328	912.729597766	0.3
7159.32170063	300	51.0125898577	0.0	159914	822.578520349	0.3
7160.10632712	300	54.2279633672	0.0	131610	784.626490413	0.3
7160.85093007	300	57.483360416	0.0	124011	744.602951236	0.3
7162.65755888	300	59.6767316046	0.0	144254	806.628811388	0.3
7163.86835908	300	59.8782052037	0.0	149991	798.526400911	0.3
7181.05936829	4300	46.6871959935	0.0	2108491	17191.0092102	0.3
7198.66466631	4300	33.0818979709	0.0	2184571	17605.2980227	4.3
7212.61685881	4300	23.1297054729	0.0	2121928	13952.192498	4.3
7230.23806186	4300	9.50850242637	0.0	2219102	17621.2030465	4.3
7231.25493419	300	12.4916300919	0.0	167025	1016.87233448	-3.7
7232.34954683	300	15.3970174496	0.0	160064	1094.61264231	0.3
7233.23057197	300	18.5159923089	0.0	137507	881.025140719	0.3
7233.95402755	300	21.7925367331	0.0	118421	723.455575716	0.3

