16784.3592917	750	4.0	12.266701258	450283	12266.701258	-51.9968154096
16788.9912123	300	4.0	0.63192053026	155580	4631.92053026	-2.86725828012
16792.0390439	300	4.95216833367	0.0	139857	3047.83166633	0.3
16795.3085204	300	5.68269189643	0.0	155432	3269.47643724	0.3
16798.6657958	300	6.32541647562	0.0	163442	3357.27542081	0.3
16800.7935613	300	8.19765101057	0.0	126289	2127.76546505	0.3
16802.9988877	300	9.99232454241	0.0	153295	2205.32646816	0.3
16805.1952488	300	11.7959634767	0.0	173849	2196.36106567	0.3
16807.0032551	300	13.9879571468	0.0	150710	1808.00632996	0.3
16808.6749933	300	16.3162189437	0.0	139105	1671.73820306	0.3
16810.1215963	300	18.8696160174	0.0	141840	1446.60292634	0.3
16811.7395851	300	21.2516272059	0.0	156148	1617.98881154	0.3
16813.481552	300	23.5096602586	0.0	160746	1741.96694725	0.3
16815.388686	300	25.6025263079	0.0	179801	1907.13395072	0.3
16816.8137465	300	28.1774657366	0.0	140051	1425.06057123	0.3
16818.3002007	300	30.6910115348	0.0	138313	1486.45420182	0.3
16820.0909182	300	32.9002940407	0.0	143509	1790.7174941	0.3
16822.0234964	300	34.967715879	0.0	150616	1932.57816177	0.3
16824.0064504	300	36.9847618243	0.0	165384	1982.95405463	0.3
16825.6623912	300	39.3288210707	0.0	140881	1655.94075368	0.3
16827.865775	300	41.1254373204	0.0	157671	2203.38375028	0.3
16830.509468	300	42.4817443181	0.0	157812	2643.69300228	0.3
16832.4717002	300	44.5195121028	0.0	163927	1962.23221524	0.3
16834.0812855	300	46.9099267799	0.0	137654	1609.58532292	0.3
16835.6194899	300	49.3717223832	0.0	146754	1538.20439675	0.3
16837.2744055	300	51.7168068115	0.0	153938	1654.9155717	0.3
16839.4041633	300	53.5870490208	0.0	181901	2129.75779071	0.3
16840.7445834	300	56.2466288541	0.0	111155	1340.42016664	0.3
16842.3933022	300	58.5979100493	0.0	153605	1648.71880478	0.3
16845.0973525	300	59.7462407525	0.0	149029	1851.66929681	0.3
16849.1188972	300	59.7246959639	0.0	157421	2521.54478863	0.3
16851.4187191	300	59.541747918	0.0	157488	2182.94804593	0.3
16852.5011604	300	59.6089642166	0.0	143881	932.783701404	0.3
16868.1607808	4300	47.9493438193	0.0	2286761	15659.6203973	0.3
16883.3193737	4300	36.7907508508	0.0	2307787	15158.5929685	4.3
16897.3550059	4300	26.7551186547	0.0	2143948	14035.632196	4.3
16916.0871607	4300	12.0229638484	0.0	1919781	18732.1548063	4.3
16916.9584628	300	15.1516618322	0.0	124011	871.3020162	-3.7
16917.8696142	300	18.2405104215	0.0	144254	911.151410722	0.3
16918.7010969	300	21.4090277363	0.0	149991	831.482685189	0.3
16919.5799028	300	24.5302218319	0.0	147968	878.805904456	0.3
16920.6735104	300	27.4366141983	0.0	161857	1093.6076336	0.3
16921.6293127	300	30.4808119068	0.0	145210	955.802291466	0.3
16922.7356086	300	33.3745159601	0.0	172312	1106.29594669	0.3
16923.7447629	300	36.3653616628	0.0	167025	1009.15429734	0.3
16924.6630079	300	39.4471167	0.0	160064	918.244962813	0.3
16925.4477777	300	42.662346889	0.0	137507	784.769810909	0.3
16926.1441285	300	45.965996068	0.0	118421	696.350821038	0.3

