9149.74816061	750	4.0	7.86296295911	450283	7862.96295911	-33.0607407242
9151.31348973	300	6.43467088114	0.0	155580	1565.32911886	-0.15
9152.71626375	300	9.03189686591	0.0	139857	1402.77401523	0.3
9154.60286323	300	11.1452973834	0.0	155432	1886.59948252	0.3
9156.06983856	300	13.6783220463	0.0	163442	1466.97533707	0.3
9156.97821225	300	16.7699483601	0.0	126289	908.373686195	0.3
9159.01194916	300	18.7362114559	0.0	153295	2033.73690426	0.3
9162.70903899	300	19.039121625	0.0	173849	3697.08983091	0.3
9165.31886503	300	20.4292955862	0.0	150710	2609.82603873	0.3
9166.50570172	300	23.2424588875	0.0	139105	1186.83669871	0.3
9167.65668804	300	26.0914725732	0.0	141840	1150.98631435	0.3
9168.9002646	300	28.847896011	0.0	156148	1243.57656219	0.3
9170.18131097	300	31.5668496421	0.0	160746	1281.04636884	0.3
9172.29197152	300	33.4561890885	0.0	179801	2110.66055365	0.3
9173.89197651	300	35.8561840979	0.0	140051	1600.0049906	0.3
9175.4498151	300	38.2983455127	0.0	138313	1557.83858515	0.3
9177.11966951	300	40.6284911019	0.0	143509	1669.85441087	0.3
9178.68187529	300	43.0662853164	0.0	150616	1562.20578543	0.3
9181.22590435	300	44.5222562625	0.0	165384	2544.02905391	0.3
9182.34193565	300	47.4062249563	0.0	140881	1116.0313062	0.3
9183.10258861	300	50.6455719987	0.0	157671	760.652957669	0.3
9183.94839988	300	53.7997607309	0.0	157812	845.811267732	0.3
9184.98799606	300	56.7601645507	0.0	163927	1039.59618022	0.3
9198.30248417	4300	47.4456764388	0.0	2044075	13314.4881119	0.3
9207.4571446	4300	42.2910160084	0.0	2186790	9154.66043042	4.3
9218.08206168	4300	35.6660989359	0.0	2105231	10624.9170726	4.3
9242.06877361	4300	15.6793869985	0.0	2395588	23986.7119373	4.3
9254.12025775	4300	7.6279028653	0.0	1972048	12051.4841332	4.3
9256.17047319	750	9.57768741996	0.0	400396	2050.21544534	-2.8
9257.47306964	300	12.2750909734	0.0	149029	1302.59644651	-0.15
9258.51313967	300	15.2350209374	0.0	157421	1040.07003606	0.3
9259.24878426	300	18.4993763494	0.0	157488	735.644587989	0.3
9259.98538411	300	21.7627764999	0.0	143881	736.599849505	0.3
9261.06633929	300	24.6818213216	0.0	163444	1080.95517827	0.3
9262.53042094	300	27.2177396708	0.0	179328	1464.08165082	0.3
9263.96526693	300	29.7828936831	0.0	159914	1434.84598773	0.3
9265.39604325	300	32.3521173587	0.0	131610	1430.77632435	0.3
9266.90016536	300	34.8479952506	0.0	124011	1504.12210816	0.3
9268.2377614	300	37.5103992077	0.0	144254	1337.5960429	0.3
9269.31750147	300	40.4306591401	0.0	149991	1079.74006758	0.3
9270.22733134	300	43.5208292756	0.0	147968	909.829864517	0.3
9271.3240151	300	46.4241455069	0.0	161857	1096.68376864	0.3
9272.29277578	300	49.4553848358	0.0	145210	968.760671133	0.3
9273.64975022	300	52.098410391	0.0	172312	1356.97444475	0.3
9274.91773113	300	54.8304294774	0.0	167025	1267.98091367	0.3
9276.07231369	300	57.6758469174	0.0	160064	1154.58255992	0.3
9277.25007513	300	59.6105242802	0.0	137507	1065.32263728	0.3
9279.49939127	300	59.5120856022	0.0	118421	1098.43867802	0.3

