19550.9603946	750	4.0	4.94816599249	450283	4948.16599249	-20.5271137677
19552.3671804	300	6.59321419341	0.0	155580	1406.78580659	-0.15
19553.3798247	300	9.58056985554	0.0	139857	1012.64433787	0.3
19554.5322748	300	12.4281197883	0.0	155432	1152.45006725	0.3
19555.953274	300	15.0071205603	0.0	163442	1420.99922799	0.3
19557.2260856	300	17.7343089703	0.0	126289	1272.81158999	0.3
19558.7163515	300	20.2440431047	0.0	153295	1490.2658656	0.3
19560.5454273	300	22.4149672968	0.0	173849	1829.07580787	0.3
19561.9950544	300	24.9653401413	0.0	150710	1449.62715558	0.3
19563.3047876	300	27.6556069885	0.0	139105	1309.73315274	0.3
19564.8589684	300	30.1014262238	0.0	141840	1554.18076469	0.3
19568.1140004	300	30.8463941813	0.0	156148	3255.0320425	0.3
19572.1968309	300	30.7635636669	0.0	160746	4082.83051448	0.3
19574.03184	300	32.9285545312	0.0	179801	1835.00913566	0.3
19575.5024762	300	35.4579183349	0.0	140051	1470.63619631	0.3
19576.7642826	300	38.1961119908	0.0	138313	1261.80634404	0.3
19578.1496912	300	40.8107033803	0.0	143509	1385.40861055	0.3
19579.7819074	300	43.1784871438	0.0	150616	1632.21623648	0.3
19581.3727246	300	45.5876699405	0.0	165384	1590.8172033	0.3
19582.5022875	300	48.4581071145	0.0	140881	1129.56282604	0.3
19583.9054678	300	51.0549267437	0.0	157671	1403.18037073	0.3
19585.5440041	300	53.4163904546	0.0	157812	1638.53628918	0.3
19587.1377481	300	55.8226464301	0.0	163927	1593.74402443	0.3
19588.4479892	300	58.51240536	0.0	137654	1310.24107018	0.3
19591.0980836	300	59.5402384641	0.0	146754	1472.16689582	0.3
19594.8584379	300	59.7798842342	0.0	153938	2260.3542299	0.3
19598.312597	300	59.9869456202	0.0	181901	2292.93861403	0.3
19602.635392	300	59.664150588	0.0	111155	2322.79503223	0.3
19605.8781732	300	59.6947677857	0.0	153605	1969.3828023	0.3
19608.0501683	300	59.9354694259	0.0	149029	1259.29835978	0.3
19610.1689439	300	59.8774298937	0.0	157421	1058.03953214	0.3
19631.8020937	4300	42.2442801297	0.0	2147852	21633.1497641	0.3
19659.8287499	4300	18.2176239392	0.0	2191074	28026.6561905	4.3
19661.2465519	300	20.7998219316	0.0	163444	1417.80200763	-3.7
19662.8350424	300	23.2113314813	0.0	179328	1588.49045025	0.3
19664.3222043	300	25.7241695587	0.0	159914	1487.16192259	0.3
19665.5603054	300	28.4860684505	0.0	131610	1238.10110829	0.3
19666.5735734	300	31.4728004358	0.0	124011	1013.26801466	0.3
19667.6894421	300	34.3569317206	0.0	144254	1115.86871524	0.3
19668.934263	300	37.1121108361	0.0	149991	1244.82088448	0.3
19670.0341102	300	40.0122635942	0.0	147968	1099.84724186	0.3
19671.1901544	300	42.8562194316	0.0	161857	1156.04416258	0.3
19672.3922355	300	45.6541383657	0.0	145210	1202.08106594	0.3
19673.8295731	300	48.2168007834	0.0	172312	1437.33758227	0.3
19675.0462181	300	51.0001557452	0.0	167025	1216.64503824	0.3
19676.2110003	300	53.835373551	0.0	160064	1164.78219423	0.3
19677.2198923	300	56.8264815867	0.0	137507	1008.89196423	0.3
19678.0917272	300	59.506406342	0.0	118421	820.075244739	0.3

