20143.8257713	750	4.0	2.0054227514	450283	2005.4227514	-7.873317831
20144.6948007	300	7.13097056375	0.0	155580	869.029436252	-0.15
20145.5530747	300	10.2726965871	0.0	139857	858.273976661	0.3
20146.5201306	300	13.3056406924	0.0	155432	967.055894656	0.3
20147.544004	300	16.2817672751	0.0	163442	1023.87341729	0.3
20148.3503031	300	19.4754681917	0.0	126289	806.299083418	0.3
20149.3231505	300	22.5026207726	0.0	153295	972.847419104	0.3
20150.3484826	300	25.4772886401	0.0	173849	1025.33213252	0.3
20151.2436258	300	28.582145442	0.0	150710	895.143198062	0.3
20152.0832976	300	31.7424736496	0.0	139105	839.671792415	0.3
20152.9463479	300	34.8794234077	0.0	141840	863.050241892	0.3
20153.7732722	300	38.052499114	0.0	156148	826.924293737	0.3
20154.7111204	300	41.1146508892	0.0	160746	937.848224827	0.3
20155.7579873	300	44.0677839459	0.0	179801	1046.86694324	0.3
20156.6326267	300	47.1931445822	0.0	140051	874.639363762	0.3
20157.5747169	300	50.2510543933	0.0	138313	942.090188849	0.3
20158.4780896	300	53.3476816335	0.0	143509	903.372759772	0.3
20159.3474954	300	56.4782758354	0.0	150616	869.40579812	0.3
20160.1734867	300	59.6522846097	0.0	165384	825.991225724	0.3
20171.7674171	4300	52.0583541918	0.0	2156729	11593.9304179	0.3
20180.8480946	4300	46.9776766262	0.0	2039773	9080.67756557	4.3
20192.5485159	4300	39.2772553547	0.0	2176469	11700.4212715	4.3
20205.7985062	4300	30.0272651029	0.0	2221506	13249.9902518	4.3
20229.1935739	4300	10.632197328	0.0	2044075	23395.0677749	4.3
20232.2434061	750	11.5823651487	0.0	359903	3049.83217927	-2.8
20233.5031581	300	14.322613152	0.0	153938	1259.75199665	-0.15
20235.0261234	300	16.7996478304	0.0	181901	1522.96532161	0.3
20235.9804598	300	19.845311449	0.0	111155	954.336381372	0.3
20237.2908988	300	22.5348725138	0.0	153605	1310.43893522	0.3
20239.0240662	300	24.8017050719	0.0	149029	1733.16744193	0.3
20240.5557349	300	27.2700364078	0.0	157421	1531.66866409	0.3
20242.6246199	300	29.2011513915	0.0	157488	2068.88501632	0.3
20244.6012595	300	31.2245118058	0.0	143881	1976.63958563	0.3
20246.4924116	300	33.3333596495	0.0	163444	1891.15215636	0.3
20248.3711784	300	35.4545928967	0.0	179328	1878.76675283	0.3
20249.9293181	300	37.8964531469	0.0	159914	1558.1397498	0.3
20251.3214658	300	40.5043054654	0.0	131610	1392.14768142	0.3
20252.5776585	300	43.2481128179	0.0	124011	1256.1926475	0.3
20253.9392092	300	45.8865620358	0.0	144254	1361.55078213	0.3
20255.2809341	300	48.5448372	0.0	149991	1341.7248358	0.3
20256.6839383	300	51.1418330033	0.0	147968	1403.00419669	0.3
20258.2127248	300	53.6130464504	0.0	161857	1528.78655294	0.3
20259.4939677	300	56.3318035929	0.0	145210	1281.2428575	0.3
20261.2047964	300	58.6209749158	0.0	172312	1710.82867705	0.3
20263.5455575	300	59.6178182564	0.0	167025	2003.15665945	0.3
20267.214471	300	59.9489046739	0.0	160064	1668.91358249	0.3
20271.4156057	300	59.7477699938	0.0	137507	2701.13468006	0.3
20273.9323105	300	59.8682439609	0.0	118421	2379.52603289	0.3

