842.660585226	750	4.0	2.66612215757	450283	2666.12215757	-10.7143252776
843.936651554	300	6.72393367172	0.0	155580	1276.06632828	-0.15
845.607894645	300	9.05269058107	0.0	139857	1671.24309065	0.3
848.702715583	300	9.95786964254	0.0	155432	3094.82093853	0.3
852.164806415	300	10.495778811	0.0	163442	3462.09083151	0.3
854.734839042	300	11.9257461839	0.0	126289	2570.03262716	0.3
857.067685305	300	13.5928999208	0.0	153295	2332.84626309	0.3
858.836462112	300	15.8241231137	0.0	173849	1768.7768071	0.3
860.0743511	300	18.5862341257	0.0	150710	1237.88898796	0.3
861.392957764	300	21.2676274623	0.0	139105	1318.60666342	0.3
862.846720558	300	23.8138646676	0.0	141840	1453.76279464	0.3
864.195737071	300	26.4648481551	0.0	156148	1349.01651251	0.3
866.323157231	300	28.3374279953	0.0	160746	2127.42015981	0.3
870.19382167	300	28.4667635564	0.0	179801	3870.66443888	0.3
872.50179542	300	30.1587898061	0.0	140051	2307.97375036	0.3
873.492386327	300	33.1681988987	0.0	138313	990.590907395	0.3
874.276757962	300	36.3838272639	0.0	143509	784.371634827	0.3
874.957235979	300	39.7033492467	0.0	150616	680.478017161	0.3
875.700630409	300	42.9599548173	0.0	165384	743.39442936	0.3
876.316841541	300	46.3437436848	0.0	140881	616.211132521	0.3
877.00257363	300	49.6580115959	0.0	157671	685.732088889	0.3
877.71606937	300	52.9445158555	0.0	157812	713.495740437	0.3
878.569018308	300	56.0915669183	0.0	163927	852.948937155	0.3
879.477527404	300	59.1830578225	0.0	137654	908.509095887	0.3
880.818176814	300	59.6392652753	0.0	146754	1043.79254714	0.3
884.004079659	300	59.7397422031	0.0	153938	899.523072181	0.3
886.114100809	300	59.7479215532	0.0	181901	1991.82064992	0.3
887.239338019	300	59.6694032314	0.0	111155	578.518321836	0.3
901.700743966	4300	49.2079972839	0.0	2134614	14461.4059475	0.3
911.015674064	4300	43.8930671858	0.0	2164140	9314.93009807	4.3
937.75569331	4300	21.1530479397	0.0	2113193	26740.0192461	4.3
950.566282756	4300	12.3424584939	0.0	2147852	12810.5894458	4.3
953.931155027	750	12.9775862229	0.0	369834	3364.87227099	-2.8
955.846224359	300	15.062516891	0.0	163444	1915.06933193	-0.15
957.07079921	300	17.8379420395	0.0	179328	1224.57485148	0.3
957.845499294	300	21.0632419561	0.0	159914	774.700083376	0.3
958.417076226	300	24.4916650242	0.0	131610	571.576931987	0.3
959.053252337	300	27.8554889132	0.0	124011	636.176110919	0.3
959.70122124	300	31.2075200098	0.0	144254	647.968903407	0.3
960.313987387	300	34.5947538626	0.0	149991	612.766147189	0.3
960.898531278	300	38.010209972	0.0	147968	584.543890665	0.3
961.483672675	300	41.4250685753	0.0	161857	585.141396696	0.3
962.156608016	300	44.7521332336	0.0	145210	672.935341726	0.3
963.090999777	300	47.8177414726	0.0	172312	934.391761002	0.3
964.040371367	300	50.8683698826	0.0	167025	949.371590003	0.3
964.934314135	300	53.9744271145	0.0	160064	893.942768051	0.3
965.693160829	300	57.2155804206	0.0	137507	758.846693908	0.3
966.955070186	300	59.5648964441	0.0	118421	650.683976491	0.3

