21889.3253469	750	4.0	6.27571715197	450283	6275.71715197	-26.2355837535
21891.5000296	300	5.82531728164	0.0	155580	2174.68271836	-0.15
21893.5859541	300	7.73939277724	0.0	139857	2085.9245044	0.3
21897.5129199	300	7.81242694144	0.0	155432	3926.9658358	0.3
21899.3182639	300	10.0070829521	0.0	163442	1805.34398931	0.3
21900.8057696	300	12.5195772836	0.0	126289	1487.5056685	0.3
21902.8194293	300	14.5059175982	0.0	153295	2013.65968545	0.3
21906.1407781	300	15.1845687943	0.0	173849	3321.34880389	0.3
21908.8841092	300	16.4412376695	0.0	150710	2743.3311248	0.3
21910.8390347	300	18.4863122162	0.0	139105	1954.92545334	0.3
21913.1434657	300	20.1818811863	0.0	141840	2304.43102989	0.3
21915.7034497	300	21.6218972236	0.0	156148	2559.98396271	0.3
21917.9190405	300	23.4063063493	0.0	160746	2215.5908743	0.3
21920.1477013	300	25.1776456145	0.0	179801	2228.66073474	0.3
21921.7435036	300	27.5818433206	0.0	140051	1595.80229389	0.3
21923.1788038	300	30.1465430922	0.0	138313	1435.30022846	0.3
21924.4696106	300	32.8557363365	0.0	143509	1290.80675568	0.3
21926.1208667	300	35.2044802203	0.0	150616	1651.25611616	0.3
21927.7999974	300	37.5253495163	0.0	165384	1679.13070398	0.3
21929.4195286	300	39.9058182941	0.0	140881	1619.53122224	0.3
21931.8264487	300	41.4988981585	0.0	157671	2406.9201356	0.3
21935.0945008	300	42.2308460664	0.0	157812	3268.05209214	0.3
21939.0535479	300	42.2717989928	0.0	163927	3959.04707358	0.3
21942.3450336	300	42.9803132508	0.0	137654	3291.48574203	0.3
21945.2238337	300	44.1015131491	0.0	146754	2878.80010166	0.3
21948.100045	300	45.2253018854	0.0	153938	2876.21126366	0.3
21951.9348913	300	45.3904556274	0.0	181901	3834.84625803	0.3
21954.6128474	300	46.712499455	0.0	111155	2677.95617239	0.3
21958.277589	300	47.0477578867	0.0	153605	3664.74156828	0.3
21961.6878131	300	47.6375337858	0.0	149029	3410.22410089	0.3
21964.6788366	300	48.6465102687	0.0	157421	2991.02351718	0.3
21966.8087187	300	50.5166282132	0.0	157488	2129.88205549	0.3
21969.455459	300	51.8698879181	0.0	143881	2646.74029509	0.3
21972.9122056	300	52.4131413178	0.0	163444	3456.74660033	0.3
21976.5789603	300	52.7463866078	0.0	179328	3666.75470995	0.3
21980.4373438	300	52.8880031277	0.0	159914	3858.38348012	0.3
21983.1974584	300	54.1278885084	0.0	131610	2760.11461926	0.3
21985.6538626	300	55.671484288	0.0	124011	2456.40422042	0.3
21989.4488843	300	55.8764626082	0.0	144254	3795.02167976	0.3
21991.7640584	300	57.5612884581	0.0	149991	2315.17415016	0.3
21993.6132014	300	59.7121454685	0.0	147968	1849.14298962	0.3
21996.6301594	300	59.8954522437	0.0	161857	1816.6932248	0.3
22000.1579341	300	59.9066972801	0.0	145210	1488.75496361	0.3
22003.7756063	300	59.7073710488	0.0	172312	2199.32623129	0.3
22007.6418906	300	59.8410868287	0.0	167025	3366.28422012	0.3
22011.5792666	300	59.9037107357	0.0	160064	3437.37609298	0.3
22014.3890506	300	59.5348218723	0.0	137507	2368.88886337	0.3
22017.8337102	300	59.7979396818	0.0	118421	1736.88219054	0.3

