15193.9522329	750	4.0	2.18499117414	450283	2184.99117414	-8.64546204879
15194.6324043	300	7.31982863208	0.0	155580	680.171367922	-0.15
15195.2574385	300	10.6947943811	0.0	139857	625.034251025	0.3
15195.9679885	300	13.9842444166	0.0	155432	710.549964451	0.3
15196.7354661	300	17.2167668303	0.0	163442	767.477586322	0.3
15197.3272984	300	20.6249345375	0.0	126289	591.832292747	0.3
15198.0407574	300	23.911475505	0.0	153295	713.459032539	0.3
15199.1078588	300	26.8443740988	0.0	173849	1067.1014062	0.3
15200.0801775	300	29.8720553719	0.0	150710	972.318726858	0.3
15200.9060012	300	33.0462316436	0.0	139105	825.823728324	0.3
15202.9264441	300	35.0257887732	0.0	141840	2020.44287037	0.3
15207.035866	300	34.9163668964	0.0	156148	4109.42187682	0.3
15212.1660604	300	33.7861725208	0.0	160746	5130.19437557	0.3
15216.7120979	300	33.2401349418	0.0	179801	4546.03757907	0.3
15219.2255184	300	34.726714524	0.0	140051	2513.42041778	0.3
15220.8783128	300	37.0739201114	0.0	138313	1652.79441263	0.3
15222.3612333	300	39.5909995719	0.0	143509	1482.92053951	0.3
15223.7741626	300	42.1780702823	0.0	150616	1412.92928954	0.3
15225.4976236	300	44.4546092498	0.0	165384	1723.4610325	0.3
15227.4733405	300	46.4788924103	0.0	140881	1975.71683954	0.3
15229.9318454	300	48.0203875329	0.0	157671	2458.50487739	0.3
15232.3897168	300	49.5625160992	0.0	157812	2457.87143369	0.3
15234.0067582	300	51.9454746814	0.0	163927	1617.04141783	0.3
15234.8630357	300	55.0891972132	0.0	137654	856.277468182	0.3
15235.7704254	300	58.1818074886	0.0	146754	907.389724587	0.3
15246.7900374	4300	51.1621954597	0.0	2105231	11019.6120289	0.3
15266.1738097	4300	35.7784231905	0.0	2395588	19383.7722692	4.3
15275.7835477	4300	30.1686851848	0.0	1972048	9609.73800573	4.3
15285.7019743	4300	24.250258545	0.0	2134614	9918.42663986	4.3
15295.6262665	4300	18.3259663438	0.0	2164140	9924.29220116	4.3
15303.5069994	4300	14.4452334781	0.0	2113193	7880.73286566	4.3
15304.8018187	750	17.1504142354	0.0	400322	1294.81924275	-2.8
15305.3406913	300	20.6115416269	0.0	143881	538.872608458	-0.15
15305.9627306	300	23.989502245	0.0	163444	622.039381872	0.3
15306.685518	300	27.2667148613	0.0	179328	722.787383792	0.3
15307.3457209	300	30.6065120274	0.0	159914	660.20283389	0.3
15307.8992327	300	34.0530001712	0.0	131610	553.511856212	0.3
15308.4299798	300	37.5222530483	0.0	124011	530.747122862	0.3
15309.0509458	300	40.9012870516	0.0	144254	620.965996732	0.3
15310.1183873	300	43.8338456252	0.0	149991	1067.44142635	0.3
15311.6962538	300	46.255979048	0.0	147968	1577.86657724	0.3
15312.4088349	300	49.543397957	0.0	161857	712.581090928	0.3
15312.9897095	300	52.9625234293	0.0	145210	580.874527724	0.3
15313.6159207	300	56.3363122208	0.0	172312	626.211208514	0.3
15320.3834748	4300	53.5687581389	0.0	2124950	6767.55408194	0.3
15327.8207212	4300	50.1315116417	0.0	2246506	7437.24649714	4.3
15336.7726039	4300	45.1796289489	0.0	1961140	8951.88269279	4.3
15344.2798307	4300	41.6724021817	0.0	2155012	7507.2267672	4.3

