17685.3356235	750	4.0	3.25227438337	450283	3252.27438337	-13.2347798485
17686.3094834	300	7.02614008084	0.0	155580	973.859919161	-0.15
17687.1860324	300	10.1495910591	0.0	139857	876.54902176	0.3
17687.9482624	300	13.38736106	0.0	155432	762.229999061	0.3
17688.6076832	300	16.7279402409	0.0	163442	659.420819115	0.3
17689.127089	300	20.2085345044	0.0	126289	519.40573649	0.3
17689.7778774	300	23.5577460479	0.0	153295	650.788456537	0.3
17690.5393911	300	26.7962323957	0.0	173849	761.513652155	0.3
17691.223297	300	30.1123264592	0.0	150710	683.905936513	0.3
17691.8501833	300	33.4854401361	0.0	139105	626.886323112	0.3
17692.3793321	300	36.9562913582	0.0	141840	529.148777859	0.3
17692.9350196	300	40.4006038809	0.0	156148	555.687477318	0.3
17693.470008	300	43.865615489	0.0	160746	534.988391914	0.3
17694.1123755	300	47.2232479466	0.0	179801	642.367542373	0.3
17694.7708389	300	50.5647846203	0.0	140051	658.463326332	0.3
17695.3770139	300	53.9586095875	0.0	138313	606.175032812	0.3
17695.9471917	300	57.3884317331	0.0	143509	570.177854439	0.3
17705.1377082	4300	52.1979152798	0.0	2059512	9190.51645321	0.3
17714.9639658	4300	46.3716576872	0.0	2220726	9826.25759264	4.3
17724.3324417	4300	41.0031818102	0.0	2156729	9368.47587699	4.3
17732.3796429	4300	36.9559805841	0.0	2039773	8047.20122609	4.3
17745.0495921	4300	28.2860313431	0.0	2176469	12669.9492411	4.3
17758.3375865	4300	18.9980370165	0.0	2221506	13287.9943265	4.3
17772.1929107	4300	9.14271273553	0.0	2044075	13855.324281	4.3
17774.5228331	750	10.8127903645	0.0	359903	2329.92237105	-2.8
17775.1076287	300	14.2279948098	0.0	153938	584.795554634	-0.15
17775.7941033	300	17.5415201976	0.0	181901	686.474612229	0.3
17776.2495613	300	21.0860621579	0.0	111155	455.458039717	0.3
17776.8842225	300	24.4514009724	0.0	153605	634.661185483	0.3
17777.4647761	300	27.8708473972	0.0	149029	580.553575206	0.3
17778.0187112	300	31.316912277	0.0	157421	553.935120231	0.3
17778.5437155	300	34.791908016	0.0	157488	525.004260956	0.3
17779.6359776	300	37.6996458934	0.0	143881	1092.26212264	0.3
17780.5618553	300	40.7737681781	0.0	163444	925.877715294	0.3
17781.6140391	300	43.7215843405	0.0	179328	1052.18383758	0.3
17782.519057	300	46.8165664903	0.0	159914	905.017850221	0.3
17783.1434241	300	50.1921993832	0.0	131610	624.367107129	0.3
17783.5711764	300	53.7644470569	0.0	124011	427.752326209	0.3
17784.0962047	300	57.2394187818	0.0	144254	525.02827516	0.3
17794.0558644	4300	51.2797590761	0.0	2146120	9959.65970567	0.3
17809.2476861	4300	40.0879373866	0.0	2108491	15191.8216895	4.3
17818.187564	4300	35.1480595274	0.0	2184571	8939.87785927	4.3
17824.7182712	4300	32.6173522388	0.0	2121928	6530.70728851	4.3
17835.7543675	4300	25.5812559669	0.0	2219102	11036.096272	4.3
17853.4420365	4300	11.8935870239	0.0	2124950	17687.668943	4.3
17856.3392953	750	12.9963281671	0.0	393804	2897.25885677	-2.8
17857.2113835	300	16.1242399447	0.0	137507	872.088222392	-0.15
17857.9230667	300	19.4125567416	0.0	118421	711.683203093	0.3

