4198.85085278	750	4.0	2.29829378965	450283	2298.29378965	-9.13266329548
4199.73988803	300	7.1109647464	0.0	155580	889.0352536	-0.15
4200.51513849	300	10.335714288	0.0	139857	775.250458423	0.3
4201.25965288	300	13.5911998912	0.0	155432	744.514396775	0.3
4201.95127094	300	16.8995818363	0.0	163442	691.618054933	0.3
4202.45494434	300	20.3959084322	0.0	126289	503.673404054	0.3
4203.06942109	300	23.7814316825	0.0	153295	614.476749677	0.3
4203.77779436	300	27.0730584147	0.0	173849	708.373267832	0.3
4204.41799178	300	30.4328609918	0.0	150710	640.197422877	0.3
4205.03034923	300	33.8205035483	0.0	139105	612.357443552	0.3
4205.62148847	300	37.2293643076	0.0	141840	591.139240677	0.3
4206.25564941	300	40.5952033619	0.0	156148	634.160945689	0.3
4206.87442485	300	43.9764279284	0.0	160746	618.7754335	0.3
4207.51731124	300	47.3335415317	0.0	179801	642.886396699	0.3
4208.02083039	300	50.8300223866	0.0	140051	503.519145142	0.3
4208.49602424	300	54.3548285374	0.0	138313	475.19384914	0.3
4215.69151167	4300	51.1593411021	0.0	2289689	7195.48743529	0.3
4224.6132699	4300	46.2375828755	0.0	2059512	8921.75822661	4.3
4231.74331386	4300	43.1075389139	0.0	2220726	7130.04396159	4.3
4238.68293022	4300	40.1679225516	0.0	2156729	6939.61636231	4.3
4245.18198829	4300	37.6688644812	0.0	2039773	6499.05807039	4.3
4253.84830774	4300	33.0025450395	0.0	2176469	8666.31944173	4.3
4261.32357885	4300	29.5272739289	0.0	2221506	7475.27111062	4.3
4268.17216546	4300	26.6786873205	0.0	2044075	6848.5866084	4.3
4276.26467785	4300	22.5861749265	0.0	2186790	8092.51239401	4.3
4283.19372807	4300	19.6571247098	0.0	2105231	6929.05021666	4.3
4293.43796847	4300	13.4128843043	0.0	2395588	10244.2404055	4.3
4293.98511333	300	16.8657394508	0.0	111155	547.144853476	-3.7
4294.72005505	300	20.1307977291	0.0	153605	734.941721669	0.3
4295.46138456	300	23.3894682177	0.0	149029	741.329511411	0.3
4296.29876545	300	26.5520873234	0.0	157421	837.380894307	0.3
4297.18097727	300	29.6698755057	0.0	157488	882.211817694	0.3
4298.03116623	300	32.8196865451	0.0	143881	850.188960609	0.3
4298.96392827	300	35.8869245012	0.0	163444	932.762043948	0.3
4299.93408351	300	38.9167692618	0.0	179328	970.155239387	0.3
4300.93153141	300	41.9193213619	0.0	159914	997.447899899	0.3
4301.80795781	300	45.0428949648	0.0	131610	876.426397072	0.3
4302.55118201	300	48.299670765	0.0	124011	743.224199774	0.3
4303.29542128	300	51.5554314945	0.0	144254	744.239270551	0.3
4304.12949583	300	54.72135695	0.0	149991	834.074544493	0.3
4305.05213895	300	57.7987138283	0.0	147968	922.643121699	0.3
4306.66536146	300	59.7568924867	0.0	161857	1041.82134162	0.3
4308.4360972	300	59.7622251827	0.0	145210	994.667303929	0.3
4334.85019505	4300	37.34812733	0.0	2219102	26414.0978527	0.3
4359.46337767	4300	16.7349447059	0.0	2124950	24613.1826241	4.3
4360.44993252	300	19.748389858	0.0	160064	986.554847892	-3.7
4361.37576644	300	22.8225559386	0.0	137507	925.833919355	0.3
4362.23310342	300	25.9652189621	0.0	118421	857.336976547	0.3

