18123.9705196	750	4.0	2.10020682679	450283	2100.20682679	-8.2808893552
18125.0332053	300	6.93731425181	0.0	155580	1062.68574819	-0.15
18125.9537063	300	10.016813262	0.0	139857	920.500989768	0.3
18126.9548933	300	13.015626265	0.0	155432	1001.18699706	0.3
18127.9823127	300	15.9882069078	0.0	163442	1027.41935719	0.3
18128.5678237	300	19.4026958835	0.0	126289	585.511024282	0.3
18129.4982212	300	22.4722983393	0.0	153295	930.397544241	0.3
18130.3195893	300	25.6509303094	0.0	173849	821.368029851	0.3
18130.9967688	300	28.9737507524	0.0	150710	677.179557015	0.3
18131.6343729	300	32.3361466489	0.0	139105	637.604103555	0.3
18132.3379714	300	35.6325481699	0.0	141840	703.598478923	0.3
18133.1608196	300	38.8097000218	0.0	156148	822.848148128	0.3
18133.9115845	300	42.0589350549	0.0	160746	750.764966885	0.3
18134.7104058	300	45.2601137359	0.0	179801	798.821319017	0.3
18135.3509584	300	48.6195611662	0.0	140051	640.552569669	0.3
18135.9647592	300	52.0057604083	0.0	138313	613.800757924	0.3
18136.6006623	300	55.3698572617	0.0	143509	635.903146636	0.3
18137.3398153	300	58.6307043121	0.0	150616	739.152949566	0.3
18147.614232	4300	52.3562875361	0.0	2220726	10274.416776	0.3
18154.8441463	4300	49.1263732965	0.0	2156729	7229.91423962	4.3
18163.4938659	4300	44.4766537318	0.0	2039773	8649.71956474	4.3
18173.0438352	4300	38.926684432	0.0	2176469	9549.96929976	4.3
18182.6054281	4300	33.3650914438	0.0	2221506	9561.59298825	4.3
18190.6323381	4300	29.3381815291	0.0	2044075	8026.90991461	4.3
18199.7696935	4300	24.200826049	0.0	2186790	9137.35548013	4.3
18216.5216903	4300	11.4488293167	0.0	2105231	16751.9967323	4.3
18219.4194871	300	12.5510324359	0.0	181901	2897.79688085	-3.7
18221.3014142	300	14.6691054081	0.0	111155	1881.92702772	0.3
18223.0603053	300	16.910214331	0.0	153605	1758.89107712	0.3
18224.3093144	300	19.661205175	0.0	149029	1249.00915597	0.3
18225.5673484	300	22.4031712243	0.0	157421	1258.03395072	0.3
18226.7024532	300	25.2680663851	0.0	157488	1135.10483926	0.3
18227.8210341	300	28.149485468	0.0	143881	1118.58091709	0.3
18228.6746012	300	31.2959184323	0.0	163444	853.567035689	0.3
18229.6603695	300	34.3101500909	0.0	179328	985.768341429	0.3
18230.4958361	300	37.4746835325	0.0	159914	835.466558343	0.3
18231.1676926	300	40.802826941	0.0	131610	671.85659148	0.3
18231.8079337	300	44.1625858591	0.0	124011	640.241081931	0.3
18232.7304955	300	47.2400240384	0.0	144254	922.561820683	0.3
18234.2043935	300	49.7661260702	0.0	149991	1473.89796826	0.3
18235.4769675	300	52.4935520741	0.0	147968	1272.57399602	0.3
18236.5632017	300	55.4073178499	0.0	161857	1086.2342242	0.3
18237.3320535	300	58.638466129	0.0	145210	768.851720936	0.3
18238.3745341	300	59.7180961435	0.0	172312	920.369985496	0.3
18246.6122747	4300	55.4803555423	0.0	2124950	8237.74060119	0.3
18253.7622359	4300	52.3303944057	0.0	2246506	7149.96113666	4.3
18260.6254171	4300	49.4672131814	0.0	1961140	6863.18122426	4.3
18270.0005916	4300	44.0920386764	0.0	2155012	9375.17450498	4.3

