820.112118328
826.574830711
830.526548725
836.29159229
862.279595777
876.074477851
877.695913221
880.156342226
890.444672172
892.701876024
897.869500271
902.072098581
902.440788589
916.528571468
924.86229614
932.368501926
942.863208377
946.954425572
947.968493507
955.476549271
829.013541064
832.149845424
840.214609188
848.099215275
851.08998218
871.819617284
390.699803419
474.604717968
515.71915671
515.961957158
674.394936671
732.533359043
737.816119012
774.932533145
805.557461228
832.105591112
847.731555189
887.830845451
910.894476132
911.974395578
926.863623508
939.005049311
958.651889076
