700.0923496712602 663.5740250422771 
642.2480085365406 634.2255952791216 
677.4002514008272 646.6756220894164 
661.7093160017345 654.1876376086575 
687.3345075447022 679.6271516799868 
652.125386429366 676.0877486292412 
655.0791569953562 692.7983205246471 
611.779723994713 677.8607685678363 
661.6046966348642 719.048347361147 
700.4073209962157 647.0378037961037 
661.4229624592535 664.2351347782368 
662.7128238091893 638.9551185530861 
669.0275081106398 621.1773962908314 
663.034678160109 652.3395850587565 
688.9951899331438 648.742919765445 
659.1513653036278 651.283939303353 
634.9596342662346 646.1463315593344 
687.2739683792184 646.1463315593344 
777.479901324409 661.3389731774179 
702.4814498959051 636.8414330717561 
664.1536762008408 661.6064559669992 
688.8684282006288 620.2774424219809 
716.9301917301899 621.6962770406938 
733.5340849226633 689.1584804894277 
722.0112334247335 676.4917161395101 
708.5765154379881 629.6068050255969 
710.4060388386526 694.6964077616683 
726.0818280498346 736.5805444539274 
686.9499513274797 735.4290044708378 
674.2560091621865 721.6568793453206 
769.3460527390588 661.0089487411072 
756.7010691420007 733.0766384579553 
704.8765542350031 648.1822131896457 
746.9788931785841 643.6421249630289 
680.3603548963868 656.5209831642948 
642.3491155461593 636.1342746130321 
672.7268534867959 671.0732095377572 
733.0075080511874 694.8761699273226 
674.0777168912972 676.3526451958695 
794.2832906442899 790.1138084329402 
729.9921444928601 753.356056198007 
758.5426155849847 713.4966308419065 
771.2142684763663 670.0456216328132 
752.5181384407009 719.111879105161 
788.3127240824681 714.8147075477905 
790.5850249166817 682.0037813127128 
786.4889643637676 673.1667028997498 
774.098993421257 710.9018039319092 
791.9589516175718 769.276693727764 
724.3216468590742 784.9107749904827 
797.9653069782768 672.7209948667819 
776.955794582277 734.2487341592068 
778.0413812716829 750.6958022862996 
811.9776741724849 763.6636201532134 
844.6092643708907 765.0189585375773 
819.0423289916545 756.050013867294 
769.5709541089017 750.116411800884 
793.8720489106938 798.1634190744849 
811.3222545846592 800.3415636300674 
809.2963639485033 794.6032276155147 
837.9634244087327 826.7519287487352 
781.4982440761698 743.6981695247455 
665.3245175214599 768.690400566488 
715.6257746925252 799.7594399345935 
733.6357370344006 841.4920858176354 
846.9021801731657 836.3245321600771 
769.7367882064271 831.0870757954939 
796.5928993765104 807.6830194469853 
852.8903059545453 878.1372984004682 
907.3237728835476 864.2375753072366 
832.8176272152565 878.6834970032811 
847.2446271314395 863.7945735376251 
850.012339589362 791.6253941411566 
854.0537189920061 872.0747969623254 
840.5441551894157 790.7913736131128 
809.1646001373446 821.6433114397261 
799.8141884544142 862.0489254521403 
807.9669978983803 887.113983437844 
887.3097684882234 858.4037092985272 
912.4867728516684 783.1015345302102 
863.0061576899 887.3097684882234 
885.1970538716295 857.3057174489603 
832.0129476353455 906.9450554768505 
887.3097684882234 912.9800012014888 
851.0151918132105 847.4153310779445 
865.038368059752 906.9744235200099 
881.4054431219232 889.7956188959672 
827.6966736734652 825.2354300294757 
877.3696994349281 639.1053096343744 
844.6671782889915 904.9069416736239 
857.7419321773934 897.5119313553498 
876.9412437355829 840.450938898054 
820.817428886484 894.8178431668837 
855.0387583170639 850.8892752809138 
904.2799559399308 914.1407128271796 
861.8574886487349 846.3142902710608 
896.7464019642996 841.9599796951081 
908.3517679752175 878.2606236037826 
856.664502417632 859.6829585357293 
838.5803727830978 920.1923069622283 
851.972672978758 890.4529056243091 
887.0896086366424 889.7284345976404 
885.6106397728419 887.8258966862473 
913.1774882816102 861.2185224699954 
817.473991691564 887.3097684882234 
687.4761474131418 877.9711788050358 
682.3530254252012 846.7393417317219 
685.2829578281916 848.8795155746169 
684.8694579172771 804.673702852244 
886.482654352653 812.9268658773218 
896.7817276285396 798.0100540910774 
872.7620322763647 776.180365710494 
887.8258966862473 847.948371567696 
853.1201599362579 781.2725394590123 
871.9251231308116 864.5984752212261 
864.5945951529104 854.6620624706765 
864.8431419573781 882.64575482349 
874.1955114976951 909.442777151246 
924.4097370684555 836.5654594288583 
853.1201599362579 890.821734939827 
878.2606236037826 854.0537189920061 
931.8324430029886 871.9105249759175 
954.342649093207 873.307802355065 
910.2109369203138 914.8826717781573 
942.7490974377287 802.7893241901799 
969.150669883764 923.6081193198672 
918.90636106832 872.2662818546428 
912.9446044395896 899.3102076897633 
914.9100056719008 926.1829410934333 
949.2946857928321 884.2454885710126 
910.518134961458 860.1384366913574 
985.501398945801 885.2477593114317 
907.644867217206 844.4912849674025 
907.2444136521337 852.8903059545453 
911.2647100399295 886.6114805080948 
931.7236219956126 889.3361906679536 
949.9730253074538 942.7927396055475 
941.3200790905913 926.4800312577306 
958.6416263423188 914.7392848684617 
904.9890772916806 907.1899164049642 
859.0262522211148 832.4792293453102 
904.9890772916806 909.4049896199891 
934.2820180773373 891.3700601555923 
956.8577612994293 903.4019149608366 
923.1484333005521 904.9890772916806 
942.2113350685163 904.9890772916806 
952.3604189828263 846.3142902710608 
901.5180874386082 899.6994918791605 
928.227289641213 820.9170704848165 
976.4550259100116 935.2119725824276 
912.9800012014888 850.2962180806882 
919.3122785667566 798.4787364567682 
924.2247070158533 777.1949163210534 
927.9075391518733 931.8324430029886 
915.2737602599348 914.9100056719008 
932.8868791248102 846.3142902710608 
863.0018618445466 878.2606236037826 
879.8200430233103 888.8444656453376 
878.2606236037826 900.0115723615469 
926.4177045257981 890.0891821465265 
940.2050179728816 878.2606236037826 
938.1377165502423 889.7956188959672 
923.6081193198672 912.9446044395896 
931.0213556665383 936.7875234462626 
923.2882891794039 846.3142902710608 
957.5466565135555 903.4019149608366 
920.1923069622283 895.2966845641317 
947.6999832119665 914.9100056719008 
891.2670174674374 960.249724445959 
861.5840286557072 928.227289641213 
750.4008984264285 870.2849707160177 
867.2258464169239 850.0044516340446 
747.0043053026992 947.4091665644086 
834.6225148045027 922.3437839148021 
897.7784532403969 932.4011498799836 
842.7737971299865 914.9446963099006 
871.094735538878 960.4780666913363 
711.8642388006799 956.1301608933004 
687.4761474131418 914.1597402787813 
700.5045901283379 876.6084460894643 
695.2866337647644 916.6978614741577 
687.4761474131418 948.8305164253105 
687.4761474131418 923.54001972095 
834.3583743994666 928.3115266682103 
826.793438608688 934.1036812188232 
785.9979825907885 856.0730451531781 
680.1817296972459 944.8418505982802 
686.4360223474489 898.4306470439444 
731.1894166538126 925.1235536419131 
672.6039152995797 919.1382203896799 
682.3530254252012 898.6874721287936 
669.3692162275617 896.0016429284219 
682.3530254252012 902.5813855920896 
687.4761474131418 877.1179181885225 
920.0813878255068 896.7659873270728 
908.4218082686798 906.671167533894 
894.7959453768864 901.5397373906173 
862.4310978149289 931.0403354515661 
916.7411624785454 969.7746829601042 
899.5220585449665 950.6652337722501 
935.6174129113192 918.2600911837259 
920.0749610168556 938.7608161790876 
951.6277025195078 931.8324430029886 
932.2914305984402 931.8324430029886 
957.5466565135555 878.2606236037826 
939.9528755855082 881.0435428800223 
914.244319417517 887.8258966862473 
846.3142902710608 886.0882140246566 
899.5447454132517 960.249724445959 
881.9211460056133 904.9890772916806 
902.3681651436966 893.9072957083234 
922.2196408588729 936.0630687701415 
897.4831048483964 906.4669190655713 
856.931955863644 977.3546672586119 
906.8749036985236 958.6801325596772 
920.8243077585332 958.6801325596772 
895.942504953266 957.9362137562099 
950.6870238132503 916.8438014260037 
912.9446044395896 830.0462749649183 
965.316184352553 846.3142902710608 
923.5120054841303 846.7859463440221 
915.399049662316 810.2574296936776 
890.0891821465265 887.4267914719956 
916.7685687364774 879.5937758392547 
911.4219475903284 931.8324430029886 
870.2753418600753 873.0719161121636 
905.4029983277616 948.3861623796471 
960.3733051390356 894.7661032514005 
936.2628500268997 951.8877460471978 
837.41035411542 942.2802020072772 
837.41035411542 914.1407128271796 
938.7608161790876 938.2332096578172 
939.9528755855082 950.5710544608553 
904.9069416736239 908.2537500436489 
960.249724445959 911.3456424493369 
923.6637442054938 934.5458494082733 
963.7104426625417 918.5632085356741 
960.0956705271519 944.6214937601846 
947.0195909138786 873.6649355537758 
913.0909964346623 889.0148401426283 
922.2196408588729 921.8055859756442 
818.56305214624 932.8780747554129 
898.7438865059046 892.4886729146018 
900.0806083140944 896.2437650331453 
922.2196408588729 887.1919723300746 
951.6730508379349 956.6050090119867 
868.1153914870057 929.7063018646297 
915.0346825838615 964.634790710229 
948.3724191230303 891.295411975026 
912.9446044395896 801.7385136986221 
887.6169967618117 646.4930556141032 
882.994270425854 807.1453209160534 
867.479227835014 906.4669190655713 
751.940763214029 942.0577365313043 
831.1768645538875 943.9047622598471 
961.3555408803805 804.7213367422966 
910.6032851436737 873.0719161121636 
812.5770756802425 912.9446044395896 
855.379247402215 792.1215508475406 
840.9484807048125 904.9890772916806 
883.7723421243112 934.0897830762719 
912.9446044395896 925.7006259457793 
912.9446044395896 912.9446044395896 
898.2319660051767 968.3994987228682 
970.5462785539595 886.2158947401729 
970.5462785539595 915.2181911269781 
989.7219972558852 913.0909964346623 
950.6870238132503 882.4478471297908 
974.114140362056 873.3126731749331 
913.5317586639875 931.4431599200383 
983.0251779422998 873.0719161121636 
952.5905045279923 815.6599315038449 
943.4704945572603 942.0949375818664 
988.8133687913463 899.6994918791605 
855.2741971459085 906.4670028643308 
783.0320217441896 936.8468622285995 
866.3264782726934 910.573122710608 
870.5917473164253 960.0821765852147 
878.8993961142397 878.2606236037826 
919.2303469441376 906.4669190655713 
820.556275899613 893.4029093633934 
939.9528755855082 840.7764236222778 
907.7582521445072 853.1201599362579 
986.7394276605618 831.9750514188727 
922.2196408588729 905.7667463464801 
931.4369595264616 911.067668962607 
933.6000507426727 822.220725355843 
948.3168009200693 887.6169967618117 
912.026420867401 789.8726326012356 
952.9820327626978 858.2124396112625 
880.7897526040507 901.1304826895532 
914.244319417517 912.8994959346171 
940.5850619602488 838.5803727830978 
953.256247118799 906.0802775885317 
939.9528755855082 880.9184561611048 
966.1590683736607 899.0809250542271 
823.7524438570068 969.6406244095517 
891.1322186298318 934.4367412163053 
897.6379355442458 899.6994918791605 
897.6379355442458 873.0719161121636 
926.5433514535979 966.1590683736607 
922.2196408588729 949.2946857928321 
907.5821075021861 880.5363300305629 
852.5143189728627 907.5821075021861 
920.1742678819173 987.9632494338147 
986.7394276605618 751.2974366959203 
960.7538202357805 886.0882140246566 
968.3994987228682 907.4597616044217 
954.4625945960693 863.3760004157983 
967.8339982423856 915.7967941410653 
908.0458343068514 900.5238714413321 
872.78320474815 949.2946857928321 
939.9528755855082 915.0344267820967 
975.5351699378496 860.7902654078398 
988.8133687913463 866.9026673541617 
896.2762767376473 878.2606236037826 
940.6758633504714 798.4687232724957 
931.3015769582669 865.7691521627661 
860.7902654078398 866.3264782726934 
814.209562772189 858.4073220561947 
912.9446044395896 841.0439310124282 
958.6503788282427 784.6948133839945 
923.1319041285519 656.5395179125277 
962.7053672247107 788.6566290633781 
980.1952239268427 894.7176884970405 
932.7576672769665 924.4171278359207 
942.8480132921743 872.6670809641223 
949.2946857928321 922.5238924228312 
808.1155228924133 884.2567444455854 
863.3760004157983 878.7881061170265 
951.2854414450247 901.113967271757 
936.8468622285995 914.1836261461243 
951.5816158964716 862.2696623406937 
941.2600516874578 798.9501557933892 
910.8764785503739 907.008546627094 
928.1401314845068 913.3591714175969 
874.4739478690346 912.9446044395896 
961.0509113017338 973.5581804844486 
860.4778481848628 920.8494140401314 
859.769261597957 947.852381182098 
856.2827296488448 939.9528755855082 
877.2289797599825 935.1289910332395 
907.873028977235 916.7286301319504 
901.5369794913528 932.2388845556783 
888.8456412170995 944.0235625658336 
931.4287533211939 949.7185195836641 
900.4600799092558 927.8460209344369 
866.0172718711219 931.2646051077969 
905.1752647386774 949.0058842885911 
960.8319425454338 953.2611695782257 
934.2792838211417 939.9528755855082 
915.7258381008485 933.1387185354092 
933.478884893013 919.9678745331142 
961.2297844249222 917.8297027095069 
919.36296942522 985.320336300854 
912.0544690490394 958.6503788282427 
943.322153566978 961.7332629229775 
941.5199981729841 957.7347460221645 
907.1776084325628 933.9296613381963 
886.0882140246566 950.2046900950218 
888.8736883926126 871.0928800102372 
925.2318528556439 958.2462766656041 
928.1560658432292 945.9069325464668 
901.2721370388848 998.3191048877693 
914.5397333237072 993.9272967811452 
923.3883592937318 914.244319417517 
840.2217137363781 855.2741971459085 
936.8163599494465 866.0172718711219 
906.1862024632014 921.2066825562439 
933.6657714182492 949.7905544671504 
928.8890864486962 880.2010036104749 
979.3913656429437 887.6169967618117 
930.750778514294 912.9446044395896 
913.2994121609568 895.3181352706573 
880.7897526040507 854.4247668968438 
919.6926300769281 867.1638354295593 
912.9681939640469 874.7621404316021 
871.0928800102372 938.6137240603093 
904.2169977389115 917.4612863939466 
935.6360909009757 866.8627283195798 
886.8076780521894 846.3142902710608 
880.5363300305629 796.1950221232728 
841.4055714699164 804.6002395357531 
906.9390033956232 958.6503788282427 
932.4011498799836 912.8994959346171 
931.4287533211939 912.8994959346171 
949.0058842885911 914.244319417517 
949.0058842885911 722.3750650571977 
926.5433514535979 869.2665609323122 
864.1104762737089 878.1781192431406 
914.4289716352397 844.1270134968095 
864.2727686789209 764.7020832630433 
939.9528755855082 686.0648043087848 
923.1484333005521 853.2230581838769 
939.9528755855082 922.1944794639859 
851.4529306807692 867.1638354295593 
874.3763129461627 890.3856799434424 
790.7913736131128 922.4668110049598 
948.3724191230303 897.6379355442458 
956.8577612994293 880.7939502408914 
858.1300615265877 895.3181352706573 
901.2721370388848 896.2762767376473 
831.3873712620787 924.637514180489 
842.0354003347629 939.9528755855082 
912.1389431952123 923.7076999064943 
863.882613767987 849.9028567392506 
960.0956705271519 822.220725355843 
906.4299549557016 894.0292813693563 
807.2946108131231 922.9390207439267 
896.3052761522548 852.1430229959137 
817.6014563746893 884.8183282090521 
834.355987687873 855.2741971459085 
879.8793636386421 894.2390201216755 
868.3304699689547 763.6108966361987 
859.6738181506855 907.5821075021861 
853.1286187158083 646.4930556141032 
870.3318603553862 674.788843292985 
835.6985442143265 912.9446044395896 
833.5377337626011 861.6394068795076 
867.5538797967519 934.5004851744462 
804.3538694525157 951.9844751268664 
772.1679562477495 912.9446044395896 
829.9045850491236 949.2946857928321 
843.8291090044793 925.4907128375992 
877.6696103368838 957.7347460221645 
855.68166428054 916.5436986067778 
847.3774626458611 925.8147674109304 
826.7815628383609 881.6429132133488 
882.5459635968184 861.6394068795076 
870.3318603553862 950.2046900950218 
871.1188762647708 903.4891769868154 
819.9819956221481 941.2750360691074 
892.1268510606708 948.856308640849 
854.4719554141774 949.2946857928321 
894.1479809770832 831.3779835299393 
893.1083014176778 887.7688230237868 
755.4474671893161 895.7354683667697 
915.0689076115599 855.2741971459085 
938.7779082721728 880.2010036104749 
833.3663389209876 939.9528755855082 
831.5629460454436 949.5436716056468 
865.7332888785164 907.7421240042618 
861.076172229598 925.0789233968435 
908.9819471787757 950.2046900950218 
940.7354083431347 941.154300209417 
928.6323764759993 887.6169967618117 
898.8591086809355 757.985948628329 
970.8381101702593 906.8749036985236 
895.2741235435703 871.0928800102372 
939.7705906300346 895.942504953266 
901.5653892330528 912.9446044395896 
857.2578545835659 905.8337875284673 
893.4217414282381 959.0258970153832 
838.0288303016321 923.9234323733918 
842.7908295145706 949.3182708389679 
867.1709385200958 988.8133687913463 
802.7256099978227 931.0077507935641 
827.1257824637792 950.1083909720703 
827.0836422375953 906.8749036985236 
869.4569563860229 948.3724191230303 
855.8328400786318 942.2113350685163 
840.2339811580782 907.1776084325628 
809.2217258621758 844.7232429609228 
871.1188762647708 844.1682782350931 
870.3318603553862 842.4837276379538 
819.1986471351635 880.5363300305629 
864.6576761631687 897.6379355442458 
814.6292718176368 816.39111294005 
852.829722394859 880.7939502408914 
837.9786593422574 875.6777079096719 
834.7730397757325 871.0928800102372 
834.0999615746662 969.6406244095517 
867.5538797967519 919.9553214407059 
848.0075118192625 905.8337875284673 
824.7263489168585 890.3923086718264 
825.6719652575641 922.196028207814 
828.6886439484465 696.7669348375385 
855.6954025066514 942.2113350685163 
856.482837047979 949.2946857928321 
810.2403087844508 965.9477946821245 
854.7688408847649 979.9755253713889 
847.9494476908243 970.5462785539595 
796.2265243180736 970.7889367202589 
781.2250018339162 997.4051075227972 
848.8951985853838 933.1387185354092 
873.0088262841289 966.2405502243045 
881.8956233748061 950.2046900950218 
885.8391568168042 943.1335909366143 
853.8271092377092 936.5734085820001 
888.5057629678199 989.7219972558852 
882.593523070786 923.2195255257205 
857.2293668056096 914.5880034691957 
848.5466112613392 923.775763410265 
869.279877135643 918.2749905067078 
914.9618181815416 932.4011498799836 
849.5314247728244 888.300834440779 
939.079088890705 915.2960363827517 
929.7206081827048 916.1602635907109 
903.3564502283798 913.1774882816102 
941.0032689509652 861.2496264027562 
921.5630156294137 881.4526085471778 
949.7481080143297 943.322153566978 
886.6694640180917 877.345693698114 
918.2768755249203 922.1308935749016 
867.8887386110014 821.380662008462 
929.2622285469259 935.8530849541952 
908.5135030312387 886.0882140246566 
842.1477444212122 886.9763616216161 
831.754297599792 861.1162880984451 
846.0219164955531 938.7779082721728 
881.8337522160206 971.1368559289627 
866.9262686650593 820.5085863801993 
868.6253888381103 899.3899029294729 
907.503486354459 903.2718504707761 
852.3278440752969 920.9268705963486 
903.7964638638892 804.2815864894739 
885.5838925542523 815.1221084250774 
891.2230939162259 878.2606236037826 
865.9302929458112 828.9163675597101 
844.4439014672442 933.0445930901654 
893.1784049810161 934.5458494082733 
945.9919090239559 865.7637077045017 
894.4514398294431 971.706453240336 
712.3389374212106 984.4746639270388 
887.682958925108 932.3285149987087 
935.7673051905425 868.3304699689547 
893.8737698282038 834.4078395706881 
951.6277025195078 891.2670174674374 
933.5125544356448 960.0956705271519 
924.316015216718 950.9586767358561 
884.57299680403 852.1977838225971 
964.1162187386021 885.97258533099 
967.1778412085619 884.5196658212362 
970.6605126842692 925.2402831995389 
785.6148775180455 945.52004196038 
879.1474886824303 873.9521226720499 
882.4519507803726 843.1375240126557 
895.7354683667697 880.8573302249632 
959.4018764614912 816.1886052136732 
931.9726148462803 841.352672835113 
939.6946503042841 785.0638032728406 
931.9726148462803 848.0868937434348 
923.8553287457747 779.2827926607729 
945.6836483867569 831.5684893223412 
965.9477946821245 859.1872907925147 
967.4878977831283 813.9919328469662 
961.021707264745 908.7857341635997 
928.9015805180263 876.6394483609381 
918.7258657393529 961.9896769312439 
899.4917155698831 932.9654045785148 
828.358937505425 962.9510046765009 
863.5773794469605 923.775763410265 
932.873400871878 959.4090228815074 
966.459319245457 890.0891821465265 
985.3049578076906 881.6039499409798 
980.1952239268427 909.5614868204173 
899.1389930864029 941.2408529483196 
958.8292063529133 899.3509734867276 
964.2402173594675 914.2957911928901 
942.7566420960294 900.3414145251435 
942.9610080185906 944.2196429061514 
953.1348905295195 926.5192802863501 
979.1154808354474 872.2032254403063 
922.9024933264694 886.8080705186937 
911.4467245178374 869.4795090666395 
899.9280369260463 832.4312776463192 
944.233223436111 867.5538797967519 
989.5987685381217 869.4795090666395 
945.4611601381494 930.3757076822337 
930.3984346151866 952.5634921118216 
985.4020875007374 959.1269572891218 
997.4051075227972 947.2600239449882 
954.991635397787 895.1977709736145 
884.8363068826487 905.1752647386774 
833.1200343590356 872.4446916311115 
872.0816032426699 877.333308474011 
804.3187114917488 916.8438014260037 
811.3593541719396 895.942504953266 
888.6850861089257 914.4289716352397 
940.7354083431347 881.6136878169306 
881.9377921609052 985.8516682736248 
893.9568189180053 864.1104762737089 
772.7590861856332 886.0882140246566 
791.2713505509064 979.2365715728164 
914.2064462542083 909.4294932238527 
846.6625799054043 762.817015423481 
756.3472655556454 833.7578639640484 
837.41035411542 879.2447638763542 
944.6151444287726 976.4750716323359 
935.7814297316968 972.2526741578439 
919.5337232298151 923.5069342895274 
949.2946857928321 857.5728190504886 
947.2600239449882 833.852180611989 
874.3763129461627 730.8332027499275 
945.1655873909882 794.3779586624477 
980.1952239268427 746.4994419542654 
933.5125544356448 882.2609851348983 
912.4304796017083 869.2665609323122 
960.3733051390356 775.2745194091016 
918.6832243836398 677.3626073220021 
882.9070375021797 899.6628588614726 
938.0759113224794 818.1462704254197 
939.079088890705 788.2133125837726 
942.2408409343673 736.3835812564964 
875.9708494260751 614.8050158610758 
927.9201340058854 905.3827585438041 
877.763527479294 857.3768642803444 
904.8164509296444 819.7808608635228 
867.5352910435672 851.1560447162788 
865.288791523865 921.2066825562439 
888.2407502398416 987.9632494338147 
864.7497947452007 948.0997065988406 
835.3725422850537 939.9528755855082 
736.8158431486331 979.3913656429437 
785.4470401325885 916.4481141139665 
883.9633595309045 963.3739158806112 
852.4384771924955 989.7219972558852 
836.4659881991514 959.6739151931293 
724.6467027873384 966.7271003664852 
810.8129233901751 932.9131895220478 
798.3189306978745 927.0965805548818 
840.2339811580782 977.2940166666531 
869.5145061432344 909.6623544715795 
868.6525177953118 938.4786793442721 
864.3413382912233 931.4224658107911 
835.1833020379363 958.8166691111883 
837.0348901038905 923.7063822877063 
883.569626186692 983.6437573463726 
889.9596667907509 937.7257453542179 
905.7577942825137 941.6612538197219 
930.348891883518 944.6214937601846 
950.7141794881925 959.1137679681221 
937.7916496184602 936.5734085820001 
961.0509113017338 909.3250778681221 
957.7347460221645 749.7918674390606 
966.2405502243045 803.866221772695 
970.5462785539595 807.0326753687308 
979.1154808354474 810.4004213668037 
933.5380047352824 786.1278134054663 
890.757933650096 888.8736883926126 
900.8307383629058 881.087612924075 
823.9303136237374 871.0928800102372 
880.2858327110382 814.209562772189 
905.0552011004892 581.7189200148346 
897.981294191813 587.953958393942 
899.0809250542271 621.7020745096221 
890.4341612076694 665.61487971576 
889.3155026088763 702.140007584071 
889.1372447288625 651.2121694725025 
872.8681804166363 730.0865270357202 
849.5341753892507 820.9170704848165 
932.6180973366831 931.9244448464273 
789.5769273908306 687.0201314878129 
907.89585653589 837.41035411542 
903.2362004965948 820.0392374453825 
976.5890725503383 708.8151448708819 
953.2625909781839 789.5118285821248 
886.541589824653 823.2950068077671 
868.5841635320678 763.8284974795586 
868.472987931856 895.0524864035351 
899.5747393555506 779.3745025656764 
880.6183533601051 943.1335909366143 
953.0352665664868 953.5664854489721 
892.6257989585336 950.7141713355908 
863.1047072215347 934.8561923136999 
852.0737765666823 1004.2819024190227 
905.7695938442746 942.8480132921743 
882.9588253869487 932.2388845556783 
889.8347389303813 923.3319282683435 
856.4237879895393 919.6926300769281 
743.6676344974077 785.95806095851 
775.9204868060527 903.4891769868154 
862.2901585991523 892.46845814617 
880.1172362292615 778.4059549690775 
744.4851782798797 839.432817638254 
837.3490879007417 969.312582226445 
778.8653080820808 943.1944897596788 
942.3758228787713 934.8319682133714 
970.7889367202589 928.3722752955708 
934.8561923136999 928.8890864486962 
898.9040576867602 933.2845867990533 
916.0150414894903 810.0533501855326 
868.5841635320678 883.5773189937618 
868.2607671092835 794.3779586624477 
903.3803859356652 720.8444975759958 
892.1913619242285 822.327533551847 
758.3206613129539 807.0326753687308 
765.3759286228375 969.6406244095517 
897.8745207522799 919.3283580386179 
854.4075286659761 936.5734085820001 
846.5924710932989 887.5046567697699 
846.2304636662809 813.1352841322547 
907.7432137766382 818.1629876817565 
959.451289761362 805.7274098387511 
904.2997463164745 778.2653172073168 
924.2135058229363 603.4307876644679 
926.569228085613 641.7086965438646 
926.0711409085847 594.9202189702635 
904.4534769915681 594.9202189702635 
937.7996384253269 933.5125544356448 
958.6503788282427 792.4130667526302 
946.1309073296384 923.775763410265 
957.7347460221645 929.4895605565795 
950.5393239005056 853.4382143759767 
970.5462785539595 888.6870833995807 
823.2658356752673 802.9345141219009 
912.8994959346171 861.8452428516301 
943.869873832874 846.0401887411663 
783.3478769129368 877.3085222025906 
910.5317303139881 866.0230561529295 
860.5284012343727 894.9628963367863 
759.6378659047853 859.9079991136463 
875.8817074075878 885.7194603889177 
996.4931361857577 941.2600516874578 
791.9810670300359 929.0291086492708 
777.2206140397363 861.2945619277158 
844.2127115527205 905.9947912936346 
859.5817844952871 922.138144961614 
851.6491077412543 885.0812712648706 
725.6028784939488 931.9379343936772 
862.7751163504327 919.8357567231536 
793.3165632542407 822.4026274837652 
893.8872130395315 870.7659058317505 
931.467513796513 829.7978208316074 
968.7932920061048 750.3927717218563 
998.3191048877693 772.9807170185763 
998.2951095402891 849.1222547900257 
998.3191048877693 818.2103460650993 
957.7347460221645 871.6727572147084 
992.3528866815257 810.2908294336055 
938.6958582078694 881.8337522160206 
975.9505812490239 807.0229077218722 
932.9596038997171 808.345270886094 
899.6628588614726 826.2940982391639 
907.5728486155983 820.5473344200883 
923.902256628877 723.7971970890356 
929.4348739287079 861.8601322197638 
919.6189069637189 901.0343933987907 
857.9049324648269 822.4026274837652 
782.0200681009926 865.0536766304355 
702.7380283988093 868.7084345991682 
904.1685600891908 881.7212957899834 
892.3575404183104 877.7050098982419 
851.9485644983263 797.571946302527 
924.4155754759238 884.5493455328686 
927.5003855282426 843.9561524214951 
979.2367976919525 872.6744194685082 
958.2320714600688 928.9731091459211 
887.4039800496488 895.7146190522757 
951.7250810972172 866.8130931980438 
933.5575264040098 860.9967818590206 
978.5478574901546 674.2418457949993 
955.0755496030548 843.4206169010237 
929.6746472871063 807.7861306411808 
950.8560045381394 813.2040537105596 
963.7249738789423 894.4044776438677 
930.7483655572825 915.7549872394522 
915.1833437821382 723.0971267664595 
936.6173469299227 841.3676798948766 
829.714791789797 913.8040190671735 
930.8082653152768 843.5496863001495 
942.483257494582 893.4217414282381 
845.6633911675393 834.6744770082515 
925.745592383985 883.5276516014407 
910.6214167416014 826.8053252336067 
959.8278323946811 889.0309220751755 
941.3478273357771 903.1937950660493 
849.4484031788038 891.357276675332 
813.6812602530814 880.3286928868387 
678.7455695109674 808.6638618866489 
805.7274098387511 870.170438979088 
730.1775281304208 805.3600435991744 
837.1087763231204 747.9395835523521 
933.283583353457 888.0042671859443 
816.4776591089546 771.6720591635963 
811.0670037440501 840.6721333900265 
820.852078301367 826.6767692487952 
875.3147916502649 758.1230275328595 
853.8851019123173 771.5487466899546 
917.867195028197 761.422307859789 
877.3313380066195 961.3611726344244 
806.7324344565235 877.8035216706506 
821.8504130192659 852.5310094752973 
749.6383848309856 784.2292972217222 
810.1775924697745 868.7967783831293 
778.6218767243686 873.3087077256872 
821.2876206759322 883.1392713698709 
847.4331645384319 959.4090228815074 
895.3443850520745 929.4619009759363 
886.3450915042157 766.4756664992423 
885.7418083667357 800.3067668522528 
940.725166296044 763.2866455664115 
923.1077678906237 717.5151483389067 
871.5261243140225 904.9677144674134 
867.5387093859138 934.063735575854 
867.4975135600353 929.7776682629706 
784.7076608715754 880.6183533601051 
763.3041599471886 875.1767450258168 
852.724092498587 856.5571174371279 
896.5230144263223 869.2665609323122 
885.4350831996545 733.8125825366058 
950.3914301730907 932.0053576856159 
956.8577612994293 829.7119880073562 
950.2712228280384 897.639701857447 
945.1655873909882 873.4179960966518 
875.0494321797039 812.3916456233665 
858.5827145928428 915.0484226517768 
817.8291327058843 823.0780236153062 
880.8721635876152 913.4761998683506 
817.8839106322663 594.9202189702635 
848.2983808838993 813.0658101797842 
916.749392470802 840.4525964385122 
893.949244226184 802.1621524564292 
869.9959060607349 648.9406349566278 
920.8456642016306 610.761973273006 
875.5037912814234 603.4307876644679 
883.6496032097859 739.3124838116979 
847.9262359500741 861.2443826770041 
878.07331533544 849.4537114928614 
905.9550947255591 715.7716813396455 
862.9359629358796 871.0928800102372 
860.3342021764332 873.9790957097575 
887.6233409562344 924.1787176712545 
841.6720213370847 979.1154808354474 
752.1345426252365 976.8679810380683 
809.9636792148398 874.913162129699 
872.5229777290886 977.8165310622471 
888.3225127076784 970.7889367202589 
889.1964155862381 914.0325869415042 
869.6150813853891 976.8679810380683 
863.9582816707085 977.7866778330085 
889.1135836498248 953.0118580390633 
915.4311169117461 942.8480132921743 
878.5858778793986 915.7967941410653 
875.4232242289561 692.665690037556 
869.6349588087196 905.8313125835028 
873.9521226720499 942.298502498846 
796.8349826005963 948.3724191230303 
706.2089083484743 929.3927360430167 
601.3557173842847 918.7322760073432 
849.8951693191757 957.8265153568283 
765.1157598101173 978.2044292454599 
779.7905974477645 942.3641053642399 
889.7297450575585 938.4786793442721 
969.2345089819587 962.7654580315076 
986.3424742489749 895.3181352706573 
970.7889367202589 856.0657226544139 
934.2089615324838 890.5143490337218 
937.5287428479224 629.7502952484832 
857.1064647704782 903.7205617266891 
905.7743867932498 792.5783556540152 
828.3858785934598 920.1776483455034 
822.5402589072035 839.955399188174 
816.070196192976 715.9104606320512 
823.2166480029308 861.0026101059774 
855.6169724608451 795.0428459481177 
833.6761543034881 621.7020745096221 
800.6863499144872 650.4020289664679 
816.2332980555099 856.5692069851827 
611.2242462185059 906.4158091514399 
642.625634810448 844.2127115527205 
781.7530963135151 882.9399423470591 
794.3359027051796 820.102332071961 
847.6246810772814 714.0353181475641 
925.1248087320164 815.7489884655495 
841.586869991336 883.5842287938035 
944.1468304570354 581.7189200148346 
941.490573126395 594.9202189702635 
952.3602337564186 603.4307876644679 
941.2905190987284 598.6763509828605 
947.9241034841455 648.9406349566278 
897.4445672096581 748.4580587785565 
912.1254558326917 603.4307876644679 
949.6766289265416 587.953958393942 
932.9392600165455 588.7072179831438 
897.8902051704425 661.7139025187336 
943.8646327669878 873.201131702023 
800.2122300362539 782.2888395482792 
861.4082719745777 849.5957502274232 
861.5774090069714 922.196028207814 
897.4445672096581 907.3132768791894 
879.4827625794002 749.9132677761362 
863.0997918378569 741.8801867286018 
925.8645568428004 705.6498001338763 
903.519024587941 581.1582887973024 
951.1270528114819 603.4307876644679 
896.9544186600523 734.093446146623 
850.9801071509604 763.0491975131758 
772.726357475485 715.0331775112081 
811.6170364985697 836.7828590767344 
925.7349859642343 882.9399423470591 
976.3420345799584 839.432817638254 
930.5257157519444 885.7948502528577 
925.6156901965211 864.0901614156314 
898.9040576867602 797.8786475161268 
855.277631351135 826.7078811062629 
891.2564627856009 872.8663287867358 
773.3007363917484 896.0954166832553 
876.2333069829215 979.1154808354474 
962.0328965925506 958.8292063529133 
926.0711409085847 926.7563813126443 
856.0840476681439 910.4148491612539 
896.5893532308055 978.2044292454599 
901.107843870102 928.3722752955708 
834.8955023751616 965.316184352553 
909.8411521337688 952.3939586475084 
915.9808137622521 876.4506145885455 
876.5837187720441 671.7138659571843 
857.4757893419523 838.0860632020084 
812.2469349407638 915.399049662316 
716.2213791720213 861.4082719745777 
818.8849969905422 827.5560450819744 
979.1154808354474 581.1582887973024 
977.7866778330085 581.1582887973024 
962.9345101486283 581.1582887973024 
951.6488818598176 621.7020745096221 
961.4974575061822 727.7850384698951 
900.5658352138993 771.0969735326963 
916.8303327593061 808.6635199091882 
915.9808137622521 757.0390106906676 
927.7641691616842 791.7696815528574 
766.380061244567 693.8307245731284 
839.955399188174 621.7020745096221 
887.1871011108884 851.9945587183403 
655.6252128277908 858.6152762458597 
611.2242462185059 827.1829858406635 
705.0273622393947 888.8736883926126 
890.9790030203426 897.8398579624503 
793.3340866040548 871.3158148891603 
784.8862461992588 979.9755253713889 
879.609272639516 1005.9674959440864 
964.820236511908 943.3064407115975 
917.8620006711847 992.3528866815257 
972.2725535869924 953.5444588000655 
931.467513796513 934.8561923136999 
968.7804801793873 803.6075914941171 
936.7091130581742 907.8249835995169 
890.9485896853995 902.0601854977602 
989.7219972558852 704.8921545460577 
901.8441309251225 826.6482239457246 
874.1849866312414 838.8073045618082 
921.8592631163339 621.7020745096221 
935.7814297316968 845.9929990774298 
748.9726294985614 822.7746496917642 
709.0767878747256 784.3132694963216 
594.9202189702635 782.3706058535979 
748.8541674008742 919.3854238557221 
696.3540723503816 924.2968215401656 
786.9367925027316 928.5904856374793 
656.219626604527 783.6073655414683 
666.837035359004 627.9668236321122 
683.624421344629 840.9970280806693 
686.263901603602 697.4644913829743 
678.6796002906435 750.9000299645948 
667.745419741498 694.427078383862 
752.3888740800461 594.9202189702635 
706.3054368190101 705.3103739401226 
669.0501023638492 613.1623070122891 
700.1333123948484 648.9406349566278 
729.0056024216556 602.2730113530271 
791.5293747040507 641.1163085017146 
741.0684644969655 898.0889432295384 
734.4734125850547 749.5754078522843 
693.2995250453826 766.6843718939951 
574.1403765338894 834.9612927812324 
581.1582887973024 816.387381580664 
568.7871979944628 749.6637466213452 
574.1403765338894 756.1461217762461 
581.1582887973024 687.0201314878129 
568.7871979944628 722.7487932829575 
568.7871979944628 755.7309320255422 
560.6813535982376 721.7026650754555 
568.7871979944628 758.4387541123886 
568.7871979944628 744.6769489875101 
581.1582887973024 764.8750447589866 
581.1582887973024 786.5330535216572 
581.1582887973024 695.2528598164133 
575.8278256947337 789.1520980831315 
560.6813535982376 809.2805515472297 
575.8278256947337 766.6026912591619 
581.1582887973024 729.0481719499435 
582.7470974752366 721.2627798369139 
603.4307876644679 741.6878177317303 
588.7072179831438 669.3956675924435 
581.1582887973024 804.591422457956 
632.2555849721906 751.2866623948679 
727.8049979951638 737.7479256300267 
792.1993914799997 783.3478769129368 
761.045169929765 925.0476081991175 
819.038338511389 937.9404140795075 
834.6433960258165 915.9808137622521 
610.761973273006 850.8944988937592 
801.4219512262513 943.3340174767854 
765.0839271081394 893.7060384086556 
769.7786443671976 921.2086244340558 
802.3705211342398 936.4823283831985 
829.0979102817362 878.4275184449413 
906.900395782991 793.510233407644 
837.9997078635597 619.7029580676276 
933.4148645529172 784.7472445813733 
890.4872589073861 587.4016516094242 
975.9599713433512 597.2468409829921 
960.3733051390356 748.751965375191 
944.2061765954292 834.5653728513771 
911.4841422620977 754.0732927083822 
960.0956705271519 784.0536194623397 
890.8746435254885 905.3723780279635 
922.0194110382085 888.4604162479247 
913.256129350276 812.647390380915 
925.1099025319603 888.1115383544565 
824.0019884074844 883.9594008644393 
896.6332426811243 890.1355831110669 
886.5930655309525 753.9731492507927 
786.3822223874221 905.7695938442746 
728.2577238745409 867.5170693552767 
692.5316751557974 923.9234323733918 
802.89184405182 954.8679608608069 
826.3656649128815 976.8679810380683 
815.6038750568091 840.1989618105542 
857.3586326111158 849.6161271476552 
798.1944201035676 682.394073653358 
826.1311789818152 840.3123401009545 
837.7571247103472 785.7952895201553 
832.7567469162498 800.5747251547037 
860.8283766335948 689.7390550987177 
899.601345147134 708.1447415609421 
886.0854763691643 700.7400158605809 
876.2385373107531 627.9668236321122 
917.8177566688413 871.6507179900057 
934.5227935502362 791.4563323348474 
822.6426669428272 827.6580774597005 
886.4061776714718 782.2888395482792 
847.0116649671301 887.6576647294182 
819.604564877683 857.9749586651793 
781.7035364490647 915.2265505311054 
653.6646711160894 855.4566671256778 
676.2814145588949 893.606207528105 
677.3084549448818 895.5918306889533 
650.538361344041 934.9993499813849 
677.6069329609554 880.6898920342295 
767.149194753515 800.7330585081834 
821.106307309921 816.8111159453352 
832.7878791628392 815.8710611544858 
848.4606370195227 931.467513796513 
769.7482512205631 909.3142719051626 
861.0598877300486 899.1950634186029 
840.3600549444185 942.1751102232532 
797.2686353550547 958.6503788282427 
861.8172730741926 903.3803859356652 
839.8807493052002 846.2390329229391 
859.1811552092983 738.3947968956631 
866.8210768943558 782.7691132685183 
831.7951780442482 772.8162405836406 
807.5778263570172 855.277631351135 
867.4939862822396 951.6488818598176 
737.490668202266 951.6488818598176 
740.501472844775 971.3034364522092 
711.5268381778692 904.4534769915681 
753.7901876283557 861.7740774385514 
757.866765950088 803.8879835254392 
785.4417412764319 665.61487971576 
848.7495058589245 804.7535476526389 
892.1620253693679 749.2872772334157 
820.284068482342 701.2834093409641 
914.0357388915381 869.0299149712799 
906.2532382814499 805.7274098387511 
914.0275640707312 822.2020174097635 
908.5441302701417 839.4707992924921 
839.993995527106 909.6376415712297 
658.9081813778394 891.0134920782847 
774.5400800516211 856.4237879895393 
807.7029394580611 800.3639536166868 
662.8228080603778 874.913162129699 
594.9202189702635 904.4534769915681 
610.761973273006 937.8035577632794 
727.7154812580776 894.9515136612506 
686.7440371113216 943.3841915404863 
713.1048071076717 786.4604400287285 
782.5097536739903 856.4237879895393 
799.9590814013045 864.9041147696817 
746.3085347578018 877.6899441831271 
856.1979922048644 796.1713345256769 
799.9590814013045 829.0152289671743 
802.8117844894372 797.3413844744204 
754.9777166371583 936.7091130581742 
657.8146060710119 883.9594008644393 
686.3358658656572 895.5918306889533 
648.9039016020859 919.8457595380576 
709.6961399739962 842.7116283274543 
697.938752983604 923.277832521444 
758.7915415747825 902.8671004048849 
744.9512073520668 859.7096247734419 
778.6959839946591 909.800140729941 
778.7389406307013 797.6055228204611 
772.5553111711617 751.386054270261 
784.9029389225799 744.8326013172752 
786.319545304233 692.4905446805243 
791.1378009909478 799.4681211531315 
781.4046951494781 915.059232161549 
773.895034673405 839.955399188174 
798.0762703407987 923.9597094400789 
710.5597753024045 935.7814297316968 
650.6062537445237 917.6846900725982 
648.9039016020859 885.0513505581226 
594.9202189702635 858.498064279264 
594.9202189702635 908.3005653593353 
603.4307876644679 917.6846900725982 
588.7072179831438 846.8408964333727 
594.9202189702635 951.6488818598176 
594.9202189702635 893.4871145603536 
610.761973273006 914.5060941879948 
594.9202189702635 918.6992036313434 
603.4307876644679 987.9632494338147 
603.4307876644679 876.2935286470934 
575.8278256947337 934.9993499813849 
594.9202189702635 953.290133961202 
581.1582887973024 877.6899441831271 
575.8278256947337 922.3552848109322 
568.7871979944628 825.9928928467576 
560.6813535982376 917.1959249182809 
553.082139805938 919.8457595380576 
553.082139805938 865.5070208402904 
553.082139805938 877.2144978177967 
553.082139805938 901.3493507033483 
553.082139805938 960.4532547756713 
553.082139805938 931.467513796513 
553.082139805938 899.3480620950111 
553.082139805938 889.8742031368826 
553.082139805938 927.537217145939 
553.082139805938 954.8679608608069 
553.082139805938 918.6992036313434 
553.082139805938 907.671352306967 
553.082139805938 916.8303327593061 
553.082139805938 973.584847952973 
553.082139805938 888.6382752108254 
553.082139805938 857.3711313551355 
553.082139805938 830.8575139931055 
553.082139805938 866.0722402595969 
553.082139805938 876.5379502045055 
553.082139805938 907.8249835995169 
553.082139805938 932.6089448450731 
553.082139805938 882.4225290012293 
553.082139805938 912.6856379369642 
553.082139805938 810.9825180578778 
553.082139805938 869.73199399533 
553.082139805938 898.7652310992601 
553.082139805938 929.7606363212227 
535.8965366894087 976.5890725503383 
535.8965366894087 903.3803859356652 
535.8965366894087 923.0094992812449 
535.8965366894087 856.6022950448182 
535.8965366894087 886.0882140246566 
535.8965366894087 950.2712228280384 
535.8965366894087 960.3114305968364 
535.8965366894087 941.490573126395 
543.3274439301238 960.4532547756713 
553.082139805938 904.0249205106294 
553.082139805938 899.1950634186029 
553.082139805938 937.0883070933182 
574.7324880851904 927.7641691616842 
582.7940739813788 973.584847952973 
553.082139805938 929.7860046447308 
558.4753725890935 910.4443167687492 
558.4753725890935 934.9713304582484 
553.082139805938 970.7889367202589 
553.082139805938 934.0499479985461 
553.082139805938 935.7814297316968 
553.082139805938 978.2044292454599 
553.082139805938 948.997368789906 
543.3274439301238 977.7866778330085 
543.3274439301238 967.1778412085619 
543.3274439301238 961.0509113017338 
543.3274439301238 979.1154808354474 
553.082139805938 951.6488818598176 
553.082139805938 948.5913033195409 
553.082139805938 949.9244325634975 
553.082139805938 939.6946503042841 
553.082139805938 948.997368789906 
553.082139805938 981.1804791112063 
553.082139805938 954.9392195929887 
553.082139805938 962.9345101486283 
553.082139805938 951.1990415609198 
585.5022101370416 931.467513796513 
596.4911516027569 938.7299601136207 
634.7495995157808 957.7485226046455 
634.7495995157808 948.4502453036896 
634.7495995157808 913.2994121609568 
641.6239624975476 935.7814297316968 
668.9961899490155 931.467513796513 
641.6239624975476 951.6488818598176 
641.6239624975476 930.385610267184 
596.4911516027569 951.6488818598176 
634.7495995157808 954.9091007675482 
603.4307876644679 957.7347460221645 
596.4911516027569 928.6609879850506 
641.6239624975476 915.8726851306153 
687.4647269629495 903.9774531367333 
603.4307876644679 927.559048168056 
634.7495995157808 825.7522554765258 
596.4911516027569 919.6926300769281 
641.6239624975476 862.3971414764915 
634.7495995157808 918.1686213678433 
693.4442980491449 965.316184352553 
667.9772865595713 969.3793399547623 
692.5865885609018 968.1011749539366 
714.4021480117544 902.7639257828292 
707.4723233934164 906.7153024627681 
726.5426081982221 945.9069325464668 
706.2658271738002 908.4638058223272 
682.0849826356919 905.0633510439953 
653.6211839253995 931.4367357573764 
603.8396901940104 858.6441605580319 
596.4911516027569 939.7705906300346 
668.9961899490155 894.6816258221022 
618.5002373366127 939.079088890705 
668.9961899490155 889.9839741189892 
603.4307876644679 914.818137280783 
603.4307876644679 917.1700202170609 
619.7029580676276 913.8040190671735 
641.561220912514 935.7779308024329 
678.940599179709 893.949244226184 
667.2461173801281 917.7587536695644 
745.3159277088042 960.3733051390356 
748.6819996390108 931.5269480044249 
773.8100215284611 870.4919293631001 
764.2159984786836 919.353764011264 
772.151327979062 896.0405365795527 
756.8702761692073 881.0391727388253 
750.7683855740713 889.6913939266173 
729.8410769287727 870.3318603553862 
719.0946136757238 890.4791489660416 
795.4173455881315 915.8452984760075 
785.9431679771636 949.5304411203537 
771.4420740376808 837.6955069548783 
688.6314450915971 932.7141425268551 
693.4270457628685 850.5543953453329 
678.8830696176136 854.4508568789176 
680.2684202878596 857.997340163403 
695.5522535080187 831.2891593186511 
679.3065323881791 901.2065028281754 
686.1581936561761 828.3853901073616 
658.040432236723 889.7441688962688 
725.300753814527 872.6435321559529 
669.8019451619697 888.8528443140694 
639.6988239626681 933.884286879591 
614.3050410715781 926.5583712142967 
648.9039016020859 914.5887525402952 
671.9489431755544 928.9731091459211 
704.3927850515863 914.2521012352207 
719.9346509098802 927.6180859506403 
700.1175609685947 915.2960363827517 
725.300753814527 900.5900647468578 
775.7930191316253 930.8131722719438 
784.1926386171544 912.4162588753353 
773.9187890255346 889.6652101313623 
810.2798810441537 970.3373415965516 
841.1141327408545 953.7828478793377 
809.0754968145955 928.8429587367167 
786.6194512684957 870.0369840761417 
797.4874700398183 905.0981511117905 
805.259613078959 942.9199151724575 
842.2471879980906 885.0430449065112 
800.5255219210271 944.6214937601846 
752.6381787837848 949.9244325634975 
603.4307876644679 960.0956705271519 
596.4911516027569 906.5020854574956 
603.4307876644679 926.5686610073262 
610.761973273006 961.0509113017338 
610.761973273006 933.478884893013 
623.3271920697342 932.4926553507219 
698.328129572362 915.4311169117461 
664.9244226102741 900.3414145251435 
735.1833185892156 948.529470149508 
696.9712005341981 901.4623948098208 
720.4347082468283 922.8218358198691 
736.3384373856699 881.5160195251594 
742.9380988130234 853.2908463867557 
758.6973194157922 901.0343933987907 
778.152839502105 862.1651522310048 
763.0498663711011 877.452152299654 
764.3549013777867 846.5876679949233 
740.609205670584 873.9521226720499 
720.822283386969 901.0343933987907 
616.4053876084691 878.07331533544 
610.761973273006 873.4138913814505 
603.4307876644679 873.2325041737001 
652.2443847930873 900.3414145251435 
648.9039016020859 872.1579662529095 
659.8619946384936 896.0166757014317 
621.7207977871883 895.5111372915036 
697.2735632363289 910.3393095028617 
644.6230356213848 900.3707221772183 
637.1559707152846 901.8231103599971 
641.6239624975476 910.3393095028617 
641.6239624975476 913.1076529201688 
641.6239624975476 916.749392470802 
648.9039016020859 882.7912001568457 
710.0019796387637 913.1076529201688 
768.6552152496103 900.5137615047499 
800.6726988527076 915.4203277392187 
746.7589576613768 922.7385862517305 
817.6167632023373 928.4558302500627 
807.2578327752638 773.1482058435528 
809.1696749194365 853.9601206445502 
804.5001910235211 783.6685512038514 
746.7589576613768 873.4433510973761 
735.6397658503809 931.9379343936772 
700.4122087361665 906.8481441098035 
633.798503532151 894.977207424992 
594.9202189702635 918.5548791334137 
587.953958393942 862.7743817688139 
594.9202189702635 883.4553989390156 
594.9202189702635 922.7598527509182 
588.7072179831438 920.082116586029 
594.9202189702635 894.977207424992 
603.4307876644679 920.7991947756581 
641.6239624975476 911.7143019027972 
624.5324741696062 876.0899117330626 
610.761973273006 882.5255810567687 
677.9020211403094 898.7289961597088 
722.682266125916 898.3232962046637 
744.1914317434849 870.892626108706 
782.8201184304547 889.3361906679536 
793.5378571321218 892.1771274468226 
763.4181418140067 799.542426227994 
804.3918325836307 897.367052060215 
794.9035144692368 866.7732705353968 
730.2987600523064 873.9521226720499 
696.476427875794 868.7528873322957 
595.3270279960554 914.8171056761435 
581.7189200148346 942.2408409343673 
560.6813535982376 945.1120773481892 
560.6813535982376 929.7206081827048 
553.082139805938 919.0737421656914 
553.082139805938 939.079088890705 
553.082139805938 861.1292234039041 
553.082139805938 917.190718569228 
553.082139805938 910.814990693282 
575.8278256947337 894.2674351697724 
560.6813535982376 938.4019047300768 
581.1582887973024 852.5332502475136 
633.798503532151 889.0474905609228 
641.6239624975476 949.5907763932541 
664.9244226102741 883.335726152443 
765.535964991954 942.2408409343673 
782.2384821476188 924.6636790797032 
787.0864259034237 915.5196808262708 
758.1587181484099 893.7241822806087 
764.1846776506566 889.3054827111117 
718.277202993841 862.1001476018599 
780.4336231368683 912.5057799211438 
798.4575614221567 887.1205846188643 
795.3450090083452 845.7486568234351 
779.5362010659186 868.1239223980383 
766.7186280017601 922.8218358198691 
741.5783247434664 938.8456429941551 
691.5347703902223 960.0956705271519 
659.5203881038228 878.3518633712536 
677.9020211403094 939.7705906300346 
648.9039016020859 944.3313944661581 
706.6584636291941 898.4476858502943 
641.0826525849252 920.4448690408292 
602.2730113530271 902.7787478975629 
650.9737531620508 790.2239006910462 
710.8176619547123 777.0674831125446 
737.6331903413973 791.653413927161 
716.6549999532801 875.8718881415493 
765.892560601564 810.4004213668037 
748.3417269196855 843.26304220819 
715.6062342661315 899.3770602208547 
709.4944853065438 691.4321466096451 
727.5352354438667 849.6565772668034 
719.4614112195411 889.4121411825803 
655.8407799835138 860.7399454895705 
642.717994626416 893.7241822806087 
648.9039016020859 899.3074413849228 
641.6239624975476 855.5322567263005 
650.538361344041 897.7854774526162 
716.6329151855309 872.5859167229446 
657.642796160798 844.7071383907703 
656.834225091488 849.880949073558 
666.2699086492299 805.757705316181 
626.6866661818476 883.196870339609 
684.4395279353846 879.5053806301258 
755.3024581034473 876.169750602217 
736.9061441095686 897.5993184761479 
786.5148413384101 829.9531230211179 
825.9117645874164 812.8955125532083 
897.1117271977713 812.8579874190218 
811.7348913926685 829.7252360617075 
920.0714983136494 831.8401505343181 
817.5667892312739 810.5949709148541 
878.315694507426 818.9191766122605 
873.3168460855569 840.1648834348007 
835.7538505480248 847.2234683307327 
839.4085190634197 822.6924694041652 
844.996931440622 862.4276069899469 
869.2810070536653 815.8485654181759 
822.0278577819199 834.6103860655122 
837.0673430799472 867.2258464169239 
863.3878693372451 780.3500566936139 
840.9902885298283 888.2634939494308 
893.2871267327084 869.8170126534436 
857.3423570640881 766.5864624545748 
905.1481529511176 870.8425563080006 
866.9721807675127 888.2964982311718 
812.6192530123496 865.8475278710163 
879.3242142709498 866.8791085199673 
873.2325041737001 875.8073753369995 
827.6464337223039 859.1926501511905 
853.3422290532608 810.0887586745843 
829.0918261254159 858.3734589925633 
829.0918261254159 849.8177035750925 
809.0956071391698 850.3677180127623 
768.3875391792193 838.0903751182101 
669.7472762808908 888.2460162061589 
604.5933757344237 874.0931863327778 
575.8278256947337 916.4948046585333 
568.7871979944628 862.5032223996742 
560.6813535982376 873.7305409492146 
560.6813535982376 884.2390961503849 
560.6813535982376 809.4960021457184 
560.6813535982376 881.6592518608588 
568.7871979944628 889.0359945789448 
575.8278256947337 856.8937381052347 
575.8278256947337 882.7747066014723 
575.8278256947337 894.977207424992 
575.8278256947337 904.7088039442436 
568.7871979944628 892.3946965467455 
560.6813535982376 927.4375840400501 
581.1582887973024 861.8895792604335 
610.761973273006 850.584841517011 
594.9202189702635 867.2460111870818 
686.7440371113216 856.8383360192121 
807.4079510882833 849.0990302503237 
874.051002624514 809.1088839171466 
839.436590504812 750.0262147898503 
915.5058989572991 834.418810368071 
893.9672426610812 859.0979036160523 
915.8031962002585 865.4495307104595 
873.9521226720499 787.6159127278919 
922.0194110382085 637.9223618049183 
867.7085391255563 680.2678001679756 
893.949244226184 868.8530636813781 
906.79167813602 857.4323427025462 
942.2408409343673 759.8794706014369 
960.3733051390356 899.3770602208547 
913.3232560222253 888.3843586317419 
962.278578236981 839.7339918107648 
939.7568552535615 902.313097568939 
922.8218358198691 856.6842684095311 
919.9064019190694 812.1498098138983 
960.3733051390356 746.1505711250843 
942.939723645092 864.7661401846473 
738.5379900127103 689.3631243653947 
753.8137379819442 838.7387995387182 
784.6832938014503 782.9672432435718 
722.8070528610939 806.8170180589274 
862.36193014602 832.2320465848452 
873.6895576580281 860.3361899490412 
851.4096336846196 842.7908295145706 
808.2777290888163 811.4577409952011 
784.7866118421882 819.9680264639954 
740.4079966802254 842.3366448077572 
785.826890354379 713.7713894894542 
758.4960083540875 787.6710422334079 
641.0041903793124 843.1375240126557 
685.1874300339251 827.6116747601848 
610.761973273006 814.377296096227 
610.761973273006 859.1926501511905 
667.3794935865186 843.1375240126557 
648.9039016020859 813.554881741874 
642.625634810448 887.7993298740471 
660.1859054783102 837.5872856861312 
648.9039016020859 790.0282803874449 
610.761973273006 828.3867530714344 
610.761973273006 803.7288502022336 
648.9039016020859 849.4085287495683 
678.3830825153722 840.1648834348007 
676.7563091065 840.9028254358531 
751.2370155525682 841.9536682366833 
781.8342345645904 820.7965189916623 
781.9902146788205 784.2386161302958 
819.5844047595431 861.6259571235512 
765.2991182231485 841.4053546821664 
732.4371021857103 867.5652812829229 
770.6251232104463 890.5970167954184 
737.3693211153968 779.5633029348869 
762.1891239531343 867.7085391255563 
781.2209848637098 840.9177785675441 
737.5463660862882 889.067944853196 
715.2279293883537 770.7681162931486 
710.7832277114819 860.6666922805985 
739.8359054882134 845.6576083852079 
714.3846242498892 850.0065149022599 
754.5599775020415 838.8802037019497 
737.1633836583578 816.7641121365772 
841.0266251774425 801.5992655934327 
766.020439836084 889.1873751542198 
773.2198605218475 844.0853973145082 
743.893333704259 602.2730113530271 
762.5800408368043 843.5493204507676 
793.1797470916581 826.5746586353079 
793.948299549047 860.3442630047612 
641.4986327128422 766.1781109553784 
709.5609278812781 932.4926553507219 
725.4205815363124 895.6852129757273 
747.376826947383 806.9975082849207 
741.7585958074401 830.3833753460008 
670.3329687817052 886.4647672404324 
592.3910718707198 917.1995836600604 
594.7764260733427 910.5498068823573 
588.7072179831438 911.0810906962568 
602.2730113530271 876.0936567612739 
594.9202189702635 881.9594196842982 
587.4016516094242 855.1933033359476 
587.4016516094242 838.4381309784648 
602.2730113530271 951.5679692948167 
743.4933548058582 849.7557467785102 
807.5946662106581 799.2074206448254 
831.9784238170082 717.0842917143882 
840.3600549444185 939.6946503042841 
831.1971186443902 879.2617473466713 
734.7386236641872 919.6438675809793 
828.0033545255628 926.3986966193776 
820.4427681901037 876.7389549847849 
829.4902206165806 708.851804970878 
858.4886380856082 890.7066487367896 
862.1285127195124 652.2443847930873 
896.501239315983 847.4652071541083 
611.2242462185059 880.9614769261555 
587.4016516094242 899.8824758123505 
587.4016516094242 900.265792100925 
594.9202189702635 869.2796767267351 
588.7072179831438 927.2554745093958 
610.761973273006 888.7097431798911 
641.4986327128422 708.5479626430355 
716.7034534576526 649.623852896655 
776.8359865149638 716.3013910430492 
905.8762947193463 602.2730113530271 
864.2312854077934 820.8118079180482 
726.7436528927993 813.4445601989609 
637.6991628641739 886.7384649576127 
668.5431403994297 760.1676952124229 
752.7381699723999 881.6592518608588 
696.9174642260481 863.3806986668145 
686.6406723763438 880.5862300213589 
581.1582887973024 880.5873341178959 
581.1582887973024 887.2780492767743 
594.9202189702635 888.3225127076784 
610.761973273006 885.5870243894506 
594.9202189702635 894.1572014060084 
594.9202189702635 850.5874188986238 
602.2730113530271 835.315700791923 
603.4307876644679 861.054463856503 
700.2767724524967 853.2602968848173 
737.7736236169725 740.1118803661011 
713.1111333419175 821.8713602116957 
692.5316751557974 808.7472173722143 
655.168326876766 823.5521361640435 
603.8812852148601 842.7908295145706 
581.1582887973024 823.4265447683766 
602.2730113530271 846.6798248691628 
594.9202189702635 808.5546170399547 
610.761973273006 767.297636486811 
603.4307876644679 822.8221670053468 
610.761973273006 837.1248233331643 
714.5027912735676 841.9536682366833 
720.9168406179181 821.8140617504753 
785.9725473858051 742.7846747421522 
786.6727840685926 799.6036411350923 
841.4882178520681 823.1429236460278 
874.3539957404364 841.6234098358324 
849.0294186869036 830.6026240371766 
814.9593106697582 842.0204104274306 
852.6686654947212 800.3883865783297 
897.2022882623102 853.2602968848173 
925.6310974534899 874.0540962170405 
931.6641441138944 874.0540962170405 
906.644881951198 833.2587158636906 
925.6310974534899 901.0005143847618 
886.0092087341558 927.4691319966853 
826.4185321094168 863.2483389938669 
831.587331994833 915.9760819248495 
858.6738198907831 867.723974722031 
876.872980801377 910.7742541066132 
839.2741395357434 897.2021707899855 
834.8681861929783 911.7143019027972 
766.6999879004178 983.9347653051193 
671.4579820514743 916.9352881888298 
740.5694565786603 873.7675577693742 
799.9590814013045 817.1308930770673 
757.3165232954599 870.6803588555177 
799.9042803380956 932.438604600171 
658.3457812856378 899.5028422027062 
610.761973273006 913.4288933823617 
720.5807233454032 910.4460874714856 
728.8656063522923 925.2703497305196 
677.990904460881 913.613394173426 
759.5146755713646 865.0694471019148 
839.5792759739682 936.6405175217409 
829.2872020086115 912.4304796017083 
892.9247061585685 975.0279699443068 
781.0470114875271 935.9571226392756 
776.1800482417336 963.8820741644843 
677.9020211403094 968.2353551835557 
644.8041346353018 944.9984656201289 
685.1874300339251 888.3602430024868 
676.2814145588949 857.0454279501414 
652.2443847930873 950.5393239005056 
728.3013063407512 957.8265153568283 
685.1874300339251 939.3121014165578 
603.4307876644679 918.8487617415631 
648.9039016020859 942.4385202712554 
648.9039016020859 929.0072657085497 
641.6239624975476 866.4279326904191 
610.761973273006 904.7900916099419 
641.6239624975476 894.6837469294709 
648.9039016020859 765.6860807481949 
699.8707823301207 886.9900201673382 
752.0216481940222 817.034096730093 
794.7148621871178 921.501273622284 
738.249125605764 928.0079518558355 
768.5089930814835 908.820632893562 
693.23734866249 831.4303286408347 
746.7754441665357 850.6687913775008 
761.2047897675943 904.0674681981876 
772.5553111711617 979.2367976919525 
753.5370708867925 935.9046846041582 
714.5027912735676 932.5851377045004 
806.2042212713894 863.3790234486926 
746.1889775973264 910.2315204171705 
804.2081367840411 893.8914096381828 
757.468862180282 878.1935784914674 
737.1314907820554 941.1382580928423 
755.1349457001685 902.7844651681663 
677.9020211403094 814.0944816622238 
772.5777344365094 846.6768497188199 
659.5203881038228 859.2411030745116 
755.6666453408915 872.351186447007 
697.3174733626357 977.552801292861 
749.9790453860827 931.4367357573764 
641.6239624975476 908.4093286366303 
648.9039016020859 931.4699627253411 
677.9020211403094 885.68855122118 
648.9039016020859 947.7366132609185 
641.6239624975476 857.2408030706599 
694.8722821133996 805.8042032095896 
699.8707823301207 748.5400881623111 
703.7834692104132 660.7140435584711 
720.3706845224269 667.5820292606143 
657.8146060710119 660.7140435584711 
791.6238384105603 675.5208174487349 
746.8794471558081 749.7918674390606 
794.7867588941493 838.438927618233 
819.9350614252679 931.2926494106509 
726.2610374592208 965.1939087219265 
713.1048071076717 905.7903462800878 
673.3881503862762 939.079088890705 
705.215378713638 893.8791436731154 
743.0652919048122 873.3045009703603 
739.4087049375838 928.6505661514672 
755.1800340654539 865.288791523865 
680.5275171368046 863.2926943711695 
634.7495995157808 931.1468310046271 
603.4307876644679 898.9276179699988 
594.9202189702635 932.1585713342924 
603.4307876644679 950.1896286359727 
581.7189200148346 910.8219474240653 
603.4307876644679 910.383680775584 
603.4307876644679 910.0292396250067 
610.761973273006 962.7326358817731 
633.798503532151 931.1465802355807 
641.6239624975476 893.1757482506647 
662.0530465881893 912.145406107312 
702.2700552861974 902.313097568939 
833.0878460625645 932.1585713342924 
830.5404882185788 885.3446792778122 
855.2347002816198 947.6665081496118 
857.7413749577058 902.8164113732169 
751.3855261660008 877.9852910368288 
709.9289977866721 935.3050230564162 
603.4307876644679 977.7866778330085 
603.4307876644679 989.7219972558852 
610.761973273006 986.7394276605618 
641.6239624975476 951.6488818598176 
641.6239624975476 969.2345089819587 
676.2814145588949 979.1154808354474 
641.6239624975476 942.1636221848094 
648.9039016020859 992.2849374014652 
641.6239624975476 992.7987396456715 
641.0826525849252 976.7607349312117 
686.7440371113216 958.6396996502788 
641.6239624975476 995.3771756355741 
610.761973273006 929.1289607475849 
648.9039016020859 932.4787164435088 
648.9039016020859 933.7166733713689 
610.761973273006 939.6946503042841 
627.7575875835662 979.5153586034626 
797.4000568460953 869.9465522427519 
802.4496568069227 952.3615982895434 
635.4990693359621 937.79869341941 
603.4307876644679 921.6869367239266 
621.7207977871883 939.6946503042841 
648.9039016020859 951.6488818598176 
681.9442146938064 882.0024862733957 
621.7207977871883 969.8511042443835 
650.538361344041 882.6229805320744 
717.9302203646326 899.1950634186029 
704.128872508601 854.3524610972312 
757.6717122927774 881.3796676269819 
730.1553284616388 932.5851377045004 
705.215378713638 917.8634380374418 
754.5369802546633 811.1891076040656 
641.6239624975476 834.4721747027293 
633.798503532151 916.9374762464905 
641.6239624975476 872.9972998835575 
641.6239624975476 840.841186221269 
603.4307876644679 888.845896923572 
603.4307876644679 930.5257157519444 
635.4990693359621 894.6837469294709 
594.9202189702635 782.6106068382969 
685.1874300339251 884.3125100436985 
714.5027912735676 898.9040576867602 
761.5815958838175 929.9055971208418 
783.6498358717764 894.2390201216755 
797.8841849283353 986.5492823816785 
784.7300130287401 947.3793229942829 
766.7382470585525 977.7866778330085 
748.9002820602243 904.4534769915681 
785.2995480169503 924.2868372201914 
851.4943493089568 839.7964984154829 
677.3626073220021 934.8561923136999 
711.6959803240582 835.6014578355813 
745.2455299261134 788.8326250105055 
648.9039016020859 860.2794345025142 
652.0813834434628 619.7029580676276 
706.4756529749003 838.5392270138892 
602.2730113530271 853.917436200641 
648.9039016020859 863.0272727809552 
726.8570009693302 959.3123902459171 
614.4027530434065 839.4653550045904 
596.3536425622254 952.0285032135326 
586.16834085662 869.2551421996432 
588.9837138650486 828.2954636200161 
603.4307876644679 799.8433854077188 
669.7237256645766 708.1796052079501 
660.6552575167714 924.5378032348169 
610.761973273006 945.0109482204431 
603.4307876644679 959.451289761362 
594.9202189702635 930.7330911066312 
594.9202189702635 976.7607349312117 
594.9202189702635 960.739686235168 
581.1582887973024 950.5393239005056 
594.9202189702635 948.3336042186068 
603.4307876644679 961.3474789492049 
580.4084514064072 953.9395714346651 
581.1582887973024 900.6717662749131 
574.1403765338894 910.2315204171705 
581.1582887973024 976.7607349312117 
574.1403765338894 882.206180703216 
588.7072179831438 954.8679608608069 
641.6239624975476 959.0203434454456 
812.5391203385957 960.5688487129612 
898.3170253649214 913.0163966596012 
836.8379830751848 865.4115625300875 
871.0854798561883 934.9993499813849 
827.7470495837174 804.8367558751823 
898.3190246077485 953.9395714346651 
820.401801370905 892.2040227775599 
867.6878992968567 917.8634380374418 
864.0805840460929 783.9009272065293 
893.6845590686298 633.8842611899234 
831.401192319833 917.5856831031837 
838.8829039590952 725.1120112046243 
934.0115639392086 626.3615999635338 
940.762766011748 835.8297215982305 
912.0558724098615 897.7687501612191 
941.8309117061459 950.7141713355908 
931.9914574416084 915.4134620137636 
924.9653642343133 960.8317467011356 
914.0325869415042 915.9808137622521 
889.7297450575585 851.8895430484841 
867.9124864609746 918.9842425255599 
834.6606122620329 903.5174004603113 
603.4307876644679 961.9309205755472 
712.4042036779026 875.9261430888181 
694.7797085017198 998.3191048877693 
725.6628593231745 909.3251912500862 
728.206911447933 928.7297299547054 
683.624421344629 964.2402173594675 
670.3329687817052 973.041486585137 
612.380554040742 945.6023429155731 
632.5782442567448 949.5334036215446 
687.8108344424434 880.3411603625832 
680.5227973594568 960.3588384317296 
650.6062537445237 964.9396114626883 
641.0826525849252 954.8679608608069 
610.761973273006 989.611561674372 
652.2443847930873 915.8785175815627 
767.688081514628 933.24406931633 
773.6116242327857 907.6684500023179 
731.9074015321224 796.1259487657168 
720.8260547612872 960.739686235168 
581.1582887973024 906.7032259620747 
603.8812852148601 871.1093746746228 
642.625634810448 870.4466925811889 
594.9202189702635 909.1254818668556 
676.2814145588949 906.7032259620747 
848.9011436242553 817.5613310564565 
836.3436350357725 693.3681863007293 
836.5743083378308 587.4016516094242 
793.5287909013122 794.8939104425093 
811.6712710693322 752.5072585854488 
731.6258656423738 936.9368728046367 
788.9608065631774 987.9503954370904 
862.7548243073692 820.0435008061514 
812.0797008321913 929.6033190531535 
753.8355211739344 912.9866917272842 
596.3736457807449 881.3181603195611 
602.2730113530271 739.8502461856046 
619.7029580676276 708.6128921222187 
762.1405877140169 961.7332629229775 
738.8967723000244 934.9993499813849 
713.3509008843008 894.8585920620859 
726.5940243921023 970.7889367202589 
787.252728175696 898.2732990598201 
916.2903565401266 873.087841460649 
834.2801121755294 897.8745207522799 
855.0561443069587 865.5826513702427 
841.9349254924508 905.8313125835028 
852.5141462206209 917.5856831031837 
803.5376045227968 783.7416615776659 
839.6342007956381 915.0484226517768 
796.8711735409595 797.5882381455391 
748.5342329428565 894.5577699787478 
791.3251370366352 877.442657625387 
769.8152371239909 934.8561923136999 
730.284405768712 896.2783198228703 
745.7756494445166 710.5443564824618 
708.5479626430355 912.8334232581344 
725.9789347533615 851.3592392516128 
737.3192187113618 970.7889367202589 
800.8694539689502 834.5653728513771 
723.1940207954134 904.8453506766233 
742.4182779441622 851.9753846219987 
720.1951037691287 864.2169997686802 
694.0941002114743 857.4193822234138 
753.0611911190147 818.12368010012 
743.2203776309684 915.092686048525 
737.7866472043936 882.0024862733957 
677.4222250866757 878.4004589787822 
740.2035314527192 970.7889367202589 
689.1645273625511 890.7066487367896 
657.8146060710119 934.8561923136999 
610.761973273006 899.9908183862831 
594.9202189702635 899.1950634186029 
603.4307876644679 954.8679608608069 
648.9039016020859 926.733235745292 
610.761973273006 925.5284572492901 
648.9039016020859 956.3304989844448 
681.5380306318181 953.9395714346651 
786.3420560239829 897.4445672096581 
741.6814809035826 935.7814297316968 
783.2889999395378 861.6256506021447 
838.1373410677048 807.4592932868579 
837.1265593480106 891.7683541829192 
779.8669265773383 893.7060384086556 
789.7553098316986 951.6488818598176 
779.7985355020066 806.592035389081 
735.9229107802391 836.4854457409624 
624.5324741696062 909.6376415712297 
668.8046321443886 954.8679608608069 
715.6062342661315 834.3143520814614 
731.463906413861 914.2451128161712 
852.1427694952451 693.6381395839688 
832.7566452081528 628.9991824946794 
868.3633686813855 873.7404979441401 
767.3885957088012 812.4389383991459 
767.6976580956732 837.0831425630969 
792.8079645608537 645.9551568928443 
751.0194671702088 823.8549060065511 
827.6679895749068 772.1554845772595 
853.695042299536 883.3352805553934 
728.7097911492565 892.3016013332839 
739.4691867507598 816.6474282384638 
858.7106060587843 929.2301630239622 
896.1721352884133 912.14024149721 
850.6319189424206 937.4839275504404 
734.8510273039254 877.9865805203444 
903.6455408977355 807.6371333547874 
858.0735988013917 872.184041754913 
856.6321844962042 950.7141713355908 
822.3209755398792 934.4624220423034 
813.2613749851462 888.2460162061589 
789.0637752267044 950.7141713355908 
720.9084695342582 934.969040375148 
602.2730113530271 902.4645258470676 
597.2468409829921 922.640835008163 
596.0779851962682 922.3749767452201 
641.0826525849252 934.4624220423034 
650.538361344041 979.1154808354474 
734.4256037085543 951.6488818598176 
755.1800340654539 896.4835365887409 
756.8359531964451 814.7176928193101 
724.2864502234962 859.814542121308 
691.7243552462465 909.6376415712297 
679.4040955025561 950.7141713355908 
831.1711441050323 897.981294191813 
890.4299152889372 734.4774691657545 
926.5977607566571 878.4353445197737 
942.9065699894117 811.6024539960787 
896.6722369911258 707.7940230949329 
912.4304796017083 722.1035750992875 
900.7293469820933 775.5663700137884 
798.0608001720233 813.7976144752292 
849.2002069426262 911.9332538700398 
856.5625626106754 806.592035389081 
886.8409494619115 759.6483314345577 
828.8728287614254 900.0624031544443 
830.7819674333886 877.6253780903355 
830.6746058622858 841.7635789611479 
808.5076966083413 907.668995474124 
852.5056381847572 898.9040576867602 
870.3688800729915 936.1394788868237 
889.1508245453713 962.1865015711923 
853.0699049197362 962.9345101486283 
830.9494170117929 907.2831256210447 
844.3953794843724 656.5410337986978 
908.7089739225319 815.3909524423979 
845.5538188718735 857.4757893419523 
780.6111024346274 612.380554040742 
803.9509856448585 846.6477225952668 
644.0765078106442 925.8658927370517 
605.9522592594435 972.0634902364961 
633.3337607320445 869.4563102667345 
645.0698921807198 881.4929585639114 
650.6062537445237 919.771182704298 
761.9176246892408 907.2831256210447 
720.9337605277815 861.6256506021447 
796.01937018454 829.279252554593 
781.4806213792652 786.760285321765 
774.4684779121382 843.4738714178989 
733.1357151802689 777.8010990457285 
809.4014631606515 933.24406931633 
787.7834642169768 789.1391701562338 
780.8249311471312 832.6087714050531 
754.4435930271908 858.1019192654597 
794.0022010599841 894.5636880793653 
856.958113577191 915.9808137622521 
738.7435202200626 978.472397939625 
672.4563683762852 903.8082483783 
709.1182462389163 931.4593351511422 
724.6968741507682 880.2416879067173 
759.6377453020863 823.6152419369198 
783.1345942332472 959.1508593123871 
770.8496531313847 903.3803859356652 
758.5854202831547 858.7504656572983 
773.8719335964679 903.2161984479319 
743.4674979866244 611.2242462185059 
743.2400755349419 697.0297109309387 
750.8953750118815 611.2242462185059 
691.5649599068354 671.0099680822447 
723.8318872081541 666.1392174835136 
682.9914932429278 610.761973273006 
706.878317000528 839.6271807315263 
717.2180546157147 857.8990252417705 
602.2730113530271 904.4426717368598 
642.717994626416 779.496829337314 
613.3001921787953 884.4522233202814 
598.5947301606608 864.5690370514735 
710.8951496555818 870.1099251508081 
610.761973273006 898.9026252855199 
631.8274023682027 976.4570164738211 
732.7856067109819 963.2165283170432 
603.4307876644679 923.6257023925291 
581.1582887973024 950.795202114201 
581.1582887973024 962.8225936533444 
575.8278256947337 943.7955920260712 
575.8278256947337 936.4685255566599 
575.8278256947337 970.7889367202589 
581.1582887973024 954.8679608608069 
575.8278256947337 969.8511042443835 
575.8278256947337 953.5911741316427 
588.5533041194642 970.9134335105025 
602.2730113530271 976.7607349312117 
678.5779539549777 976.7607349312117 
790.7155652700301 938.5455374760962 
800.9844287699307 970.7889367202589 
843.9345290436023 914.2315812742828 
844.7004834740902 950.7141713355908 
817.1508975810156 884.526712047 
849.2136661867156 915.0484226517768 
851.2860047035093 758.7425736601086 
851.9897540610148 867.6256644463454 
873.2325041737001 830.2141526274623 
866.859628545672 855.6169724608451 
886.1092546314235 890.8487883529871 
868.3096012665676 773.4652969251919 
873.2325041737001 687.1741886265919 
858.8096216112287 877.5166976154943 
871.1106948768625 840.9970280806693 
860.9221094889978 853.948403687712 
685.9950205508555 976.6129773416836 
740.2425333265071 864.1100090116453 
696.8427311128495 875.1767450258168 
681.8055353300099 918.3791621039034 
716.9693760739849 986.5492823816785 
610.761973273006 970.7889367202589 
676.2814145588949 923.8136224248824 
594.9202189702635 971.1473434955893 
588.5533041194642 958.5617175203616 
575.8278256947337 982.08509062926 
581.1582887973024 947.9695096576144 
581.1582887973024 943.9901238564524 
642.782023203896 958.1364914805694 
748.0542598105027 977.7866778330085 
836.1982853303734 924.2868372201914 
789.5385593354509 964.5672436604998 
730.8155051049004 959.4018764614912 
779.6162082396078 935.7155137932541 
840.9429433698621 865.7969183615766 
802.3622739478133 986.5492823816785 
856.703740649202 909.7353772685824 
769.167807230024 980.6432576782734 
757.696873922136 958.3986089358795 
768.2587587730683 934.9993499813849 
734.793612534325 961.9309205755472 
769.167807230024 918.1554524773334 
803.3857018130079 867.9096142408279 
791.5590768680842 888.3026761056188 
800.5416401895245 916.9374762464905 
762.5517015234035 978.2272572895755 
803.6624143227675 915.4570232554399 
797.0923380793582 924.7468298179831 
798.3599482844763 934.063735575854 
657.392663226796 904.2997463164745 
741.835334052326 935.1456771286909 
759.4375923896795 970.7889367202589 
779.5267025113521 950.5393239005056 
763.1423003609619 970.7889367202589 
749.4939885429766 998.3191048877693 
698.7182010014957 976.7607349312117 
657.8146060710119 921.2086244340558 
651.6957666803037 958.3986089358795 
652.617837157103 950.5393239005056 
651.0713134333905 950.5393239005056 
694.7822945588816 950.5393239005056 
738.9600081843398 950.7141713355908 
717.463762370533 933.24406931633 
708.2594316859512 951.6488818598176 
690.1629543846072 915.4741430958296 
711.0906693648662 883.1734823476916 
690.5308283646126 891.191957041136 
678.6177571645427 875.5847951378987 
625.5400988034347 906.8960635642302 
692.1402208778405 884.922517620489 
671.4526384571719 792.0296932196103 
729.7393212968757 898.9026252855199 
634.6549783368575 951.6488818598176 
631.4906285411681 951.6488818598176 
675.7622231986538 950.5393239005056 
669.2970452671213 930.5257157519444 
704.0567053153974 970.7889367202589 
719.8319887725498 970.7889367202589 
691.7561754985805 951.6488818598176 
643.5738561331513 924.0330351211228 
662.0176880047742 883.5686700631051 
594.7764260733427 940.8916891830457 
684.3596333968057 843.1780013571705 
704.7315542319924 730.0865270357202 
723.5470207713065 918.7714633330957 
712.7140971068201 917.2304931558853 
707.9917631159406 931.467513796513 
681.2159135705105 882.9456601631615 
687.8718524190103 857.9077636253722 
669.6617857297551 867.0095084385677 
643.5738561331513 845.7450261001206 
634.6549783368575 876.7473563652402 
641.0826525849252 903.3979115467984 
681.5776164929339 950.8555264294686 
715.2279293883537 952.113901659321 
714.3843742453154 919.6438675809793 
651.7486112951594 933.8185721421934 
692.1404607498765 823.177478866579 
684.503276039488 889.7297450575585 
734.1961413437024 939.6193045954358 
772.9349376655397 905.7864813156813 
714.5600227637868 943.1880169145724 
602.2730113530271 970.7889367202589 
588.5533041194642 933.478884893013 
588.5533041194642 970.7889367202589 
594.7764260733427 938.7299601136207 
649.9973665041318 864.7266205317804 
680.2579722370336 867.6634816477799 
716.1968500284086 945.5612057234073 
627.916065433659 944.6085345877792 
638.4650355401765 957.6696408090849 
583.241497742031 912.4304796017083 
641.0826525849252 931.4778619369774 
633.798503532151 916.9352881888298 
594.7764260733427 926.3231628197352 
641.0826525849252 932.4926553507219 
659.5203881038228 895.5144427012641 
649.9973665041318 916.2067883404075 
714.5027912735676 886.350608977373 
743.048272907297 891.0694849430325 
679.3065323881791 916.9352881888298 
671.5899829492814 951.5679692948167 
686.7440371113216 916.76686215545 
698.328129572362 914.6334390962855 
689.4191556403722 958.8429887042146 
713.6826788248567 950.8560045381394 
697.2735632363289 899.2918839938061 
649.9973665041318 904.3843134142643 
628.5291983359249 931.78311537923 
627.6710448166417 917.0300095639856 
596.0779851962682 926.7717532578275 
642.782023203896 930.7574285230547 
648.9039016020859 932.4926553507219 
699.6044290325375 917.0300095639856 
742.1991082910007 931.78311537923 
749.3103146116066 903.1906561014064 
794.4542957091631 930.7180789666409 
821.5998732460558 878.1176408540724 
845.8904779831076 915.5058989572991 
822.6724471120964 914.818137280783 
825.9374084849431 884.6651663041396 
820.6230590405003 886.7708748332868 
862.7272761295186 872.4641822660058 
771.0026165508626 931.78311537923 
776.3331580498839 932.4926553507219 
778.2284101186627 912.4304796017083 
668.8046321443886 901.0581202391763 
710.0174455080808 921.2458058850442 
712.2608642066591 893.949244226184 
678.3830825153722 896.5456116457563 
648.9039016020859 916.7439145455128 
641.6239624975476 911.3957603830129 
641.6239624975476 937.7996384253269 
668.9961899490155 932.4926553507219 
676.2814145588949 933.478884893013 
765.3051377866539 931.4778619369774 
744.7947178724683 848.6058768296048 
777.9363675838721 845.7590258047125 
838.9219773726912 845.9033851272792 
790.9935554657304 871.9943329122667 
838.5164110745169 847.4575264025239 
800.7750177100144 881.2750808138508 
834.3310654742899 902.1324360815697 
831.1182473016298 873.6970698619956 
782.7587485948009 911.4022218724068 
825.1401778952925 940.8660189582013 
732.9896965303492 932.4926553507219 
648.9039016020859 861.273507276925 
594.9202189702635 912.4304796017083 
582.7470974752366 898.4476858502943 
587.4016516094242 912.4304796017083 
599.7509610358304 951.5679692948167 
611.2242462185059 912.4304796017083 
594.9202189702635 911.4022218724068 
587.4016516094242 950.8560045381394 
602.2730113530271 911.4022218724068 
668.914950315424 932.438604600171 
602.2730113530271 932.4926553507219 
613.3001921787953 951.5679692948167 
602.2730113530271 924.4292763773889 
648.9039016020859 919.5655331244812 
659.5203881038228 951.5679692948167 
707.5105558828113 894.977207424992 
681.5578444396947 887.3608785160765 
730.1082533484317 894.977207424992 
641.6239624975476 915.5196808262708 
653.4511336143094 878.5025220768933 
641.6239624975476 896.5456116457563 
641.6239624975476 894.977207424992 
633.798503532151 924.911384588295 
641.6239624975476 884.8172066085534 
648.9039016020859 914.818137280783 
659.5203881038228 951.5679692948167 
725.300753814527 897.0355336044097 
665.0731426243461 884.5498074355431 
642.717994626416 873.236687011702 
707.249320253027 917.0300095639856 
797.4153584409542 912.4304796017083 
747.5026342680302 856.350324748647 
796.01937018454 903.3641355206411 
816.7258736443621 859.6505829860428 
779.0226701240115 849.9996991739029 
823.3231524658914 951.5679692948167 
660.4847058285873 915.5196808262708 
587.953958393942 932.4926553507219 
594.9202189702635 915.5196808262708 
588.7072179831438 942.9199151724575 
594.9202189702635 912.4304796017083 
648.9039016020859 904.5282759692299 
642.782023203896 931.78311537923 
633.798503532151 903.4279867045498 
648.9039016020859 900.3707221772183 
641.6239624975476 921.1789002970748 
650.538361344041 931.78311537923 
641.0826525849252 917.0300095639856 
619.8517434357227 900.3707221772183 
687.4647269629495 900.3707221772183 
720.4528694511308 915.5196808262708 
647.9656447109187 901.476570681456 
716.1744399973234 899.5635207917727 
739.3675268921481 914.5163256340655 
808.9884423511805 864.1577122964117 
808.2928268244677 850.3994334764387 
838.1838828814057 760.0673950655356 
860.7157628694339 819.1180967412506 
797.5978654679514 784.3666009982425 
830.8576026016483 914.6334390962855 
797.707736520104 803.9565016129775 
793.9135993789125 893.889264072251 
739.7759542493334 864.4183358864276 
699.1461835043609 773.3624651608187 
734.1000165847322 696.7871821450217 
815.2492535007954 596.0779851962682 
774.15816052366 900.8457479447704 
679.3065323881791 917.8620006711847 
698.488916232338 864.2542670704742 
678.5779539549777 915.9808137622521 
648.9039016020859 598.8237643270628 
644.4379096208428 581.1582887973024 
695.3985681468191 713.5493536905167 
610.761973273006 817.4890099416224 
610.761973273006 844.6033890646829 
594.9202189702635 825.9521154288393 
641.0826525849252 692.8801565545015 
633.798503532151 800.44833114757 
641.6239624975476 848.5957842097368 
610.761973273006 935.7814297316968 
648.9039016020859 866.8293052798306 
668.9961899490155 705.9458820742447 
775.1983225388175 853.1939443217365 
690.63473829588 934.063735575854 
752.0778083655695 888.7097431798911 
715.4206767834082 878.0002506806925 
580.4084514064072 941.7910503872783 
581.1582887973024 899.1950634186029 
581.1582887973024 969.8641627984957 
575.8278256947337 933.9316866762159 
568.7871979944628 934.9993499813849 
560.6813535982376 959.2030726016733 
560.6813535982376 961.9309205755472 
553.082139805938 933.5195316826884 
560.6813535982376 934.063735575854 
567.744920094674 954.8679608608069 
575.8278256947337 977.5610773123242 
575.8278256947337 978.472397939625 
560.6813535982376 937.7271293122799 
575.8278256947337 951.6488818598176 
581.1582887973024 970.7889367202589 
581.1582887973024 927.9817754514486 
586.16834085662 969.8511042443835 
876.6778198709807 930.5257157519444 
906.1263779674507 916.1776919035186 
871.1843338158201 914.5060941879948 
924.4316146892698 917.8634380374418 
936.3664023665578 634.5206069606137 
950.7664124041471 897.981294191813 
907.838367260924 931.467513796513 
872.9501835119835 916.0262799613255 
686.6791301626415 931.467513796513 
653.1086533297974 934.063735575854 
710.2220078433355 905.8377063214917 
594.9202189702635 934.2089615324838 
650.3415402999904 933.2964683760814 
726.2681979851684 931.4369595264616 
644.4702281054441 914.2315812742828 
662.3600473455236 913.2994121609568 
722.6255580450002 830.4183162320132 
845.404407158201 869.1323090007078 
811.3360500805064 915.9808137622521 
833.9339089568866 876.6292941760743 
849.0294186869036 889.1371040102944 
749.7877085619151 839.7964984154829 
722.9847987233596 879.4053105319992 
641.4773858795587 824.391296755588 
685.1874300339251 934.4624220423034 
602.2730113530271 934.4624220423034 
610.761973273006 951.6488818598176 
648.9039016020859 964.820236511908 
641.6239624975476 954.8679608608069 
711.6368213585957 909.0331239274202 
648.9039016020859 950.5393239005056 
755.4263368912647 836.7576562442263 
759.0995781101815 848.5398056758272 
807.7450994913524 958.5934905370866 
858.3385500969656 912.7977901652766 
839.1427812834665 934.4624220423034 
905.7888191224945 932.438604600171 
857.2856705742967 852.1762566650607 
816.407494955233 976.7607349312117 
724.8564842811646 928.3574785057477 
802.8117844894372 950.5393239005056 
735.2002272869112 976.7607349312117 
648.9039016020859 935.7814297316968 
648.9039016020859 969.8511042443835 
659.5203881038228 950.5393239005056 
685.1874300339251 938.556373036444 
726.3160994447113 928.628458974483 
724.363726140783 937.7271293122799 
717.9302203646326 893.4871145603536 
743.9464900112472 914.2023010762036 
704.807047761815 872.5143433644035 
801.5683532868793 951.6488818598176 
812.9083913388112 932.5851377045004 
777.3874789316338 831.9350920127499 
841.2655501240514 874.6119643597797 
744.8236326142851 899.1950634186029 
755.1800340654539 859.5744780136761 
740.6687815466767 913.2994121609568 
702.7214470074815 889.7297450575585 
658.3457812856378 703.304484337362 
713.0397241289483 915.2755824170002 
726.8570009693302 921.4818321030795 
697.7756657738139 834.454760007914 
602.2730113530271 905.5547347680681 
642.717994626416 855.4140608204515 
594.9202189702635 832.6922163429828 
648.9039016020859 901.8148104448045 
648.9039016020859 924.7667922048696 
657.8146060710119 932.0204318637761 
641.6936579454945 932.0963085404128 
602.2730113530271 837.5537338207915 
594.9202189702635 849.5696288128362 
827.3391170982276 903.4271578127217 
662.5653115090275 921.7093222820313 
780.1448540954262 816.4694731558662 
750.9503546433119 876.3430796030398 
641.0826525849252 798.8440552595033 
619.7029580676276 781.2728962575841 
624.420957332796 819.4109236895677 
603.4307876644679 847.8870151927448 
686.7440371113216 756.2484183834049 
669.0808299322349 872.3675389688774 
706.0397520215872 696.3825674282465 
681.8229121969897 867.8206116635217 
718.7002374681166 907.5797725079684 
712.1663894104241 970.7889367202589 
729.7660950282323 943.7955920260712 
696.3540723503816 930.3457047680757 
666.837035359004 976.7607349312117 
657.8146060710119 950.5393239005056 
648.9039016020859 950.5393239005056 
677.3084549448818 951.6488818598176 
659.5203881038228 930.5257157519444 
776.0373070394924 913.1822373769692 
734.1000165847322 953.290133961202 
745.4540197132394 881.3796676269819 
778.3726274799295 879.4053105319992 
821.978639686305 656.9764921287526 
741.7585958074401 799.6039227053601 
780.24391846222 912.8334232581344 
820.4427681901037 897.5265309943817 
860.0709119464738 709.0406714629813 
812.853973873807 909.6376415712297 
838.3425436391133 928.1807657034602 
801.931908211805 842.8936917956544 
683.0675265403488 928.628458974483 
659.5203881038228 1012.2858863312995 
686.7440371113216 934.9993499813849 
694.8722821133996 967.3195682600663 
710.1980043160651 911.5529653584424 
662.0530465881893 831.002351532386 
669.0808299322349 779.6336852203382 
677.990904460881 634.8843406000977 
740.6687815466767 769.8319991410098 
728.206911447933 669.093664492006 
731.8558612808406 645.9551568928443 
798.7159032528094 647.7799897413349 
707.636907669473 952.3615982895434 
694.7500757020821 944.5799063244094 
702.100152404088 970.7889367202589 
696.8520455857024 984.8024296904142 
671.2358619826194 920.6417728749888 
686.7440371113216 863.1247657180712 
641.0826525849252 892.558317953182 
673.5445567429824 854.4075286659761 
677.1063594746954 921.2375169394169 
594.9202189702635 963.2165283170432 
641.0826525849252 828.2081398481757 
677.710472541 836.4592328504048 
668.7641494478879 950.5393239005056 
613.3001921787953 949.303092229486 
670.2225489150237 933.5195316826884 
702.462487498054 873.1905310463703 
713.1048071076717 932.6718045438577 
721.1532654310766 890.5291877553605 
753.2445754457932 801.688396322867 
790.3145368424995 693.3464903580993 
759.6885034059634 853.3940291265993 
771.1637460570051 882.5053766659203 
730.6575972700398 899.2582922038915 
668.9961899490155 907.2831256210447 
703.77973023024 837.8522977865439 
728.206911447933 910.8564738120907 
603.8812852148601 908.2951892453231 
691.3681617969448 865.6733454020886 
660.9907945196616 909.6193575404811 
721.1066560099534 860.9295562144024 
611.2242462185059 875.7410608088117 
685.3307587508508 877.3192123899576 
710.2343378409502 783.1672201533067 
742.1172443062602 611.2242462185059 
790.715140898867 725.5783011622993 
838.2791451085562 624.420957332796 
819.8110739371405 699.9380498240154 
836.8064974392776 797.2145714738564 
760.2543763049639 765.6860807481949 
866.3091346885641 685.8930244878476 
803.6465083830325 838.9956255249714 
754.981139241175 943.0752348888626 
626.4227118566756 858.715875246759 
621.7207977871883 914.972298625858 
713.3262384087608 928.3206944782903 
767.0350491425589 968.6478255588905 
790.3590611598647 950.5393239005056 
728.6487440899366 796.4123019394372 
738.2542794472932 934.063735575854 
608.4156476580107 942.8853086725769 
649.9973665041318 932.0225485167842 
648.9039016020859 935.8038682442566 
676.2814145588949 917.7006692123982 
732.9984060297833 936.4685255566599 
852.3418649633669 850.1836122449062 
860.2219622538224 839.9818268076318 
816.407494955233 915.967679434467 
817.8050728013554 700.1339059573277 
855.4263416249407 834.4181712095386 
824.5664766604039 885.5295598200415 
783.181706063917 888.744784346006 
772.6031692888207 839.0016105961988 
714.8985863284743 775.7844681496227 
588.7072179831438 846.4328361893998 
575.8278256947337 805.3243120623962 
581.1582887973024 778.0757508992036 
575.8278256947337 806.7978791463942 
575.8278256947337 805.0743864294667 
575.8278256947337 755.7189680688549 
575.8278256947337 757.3510243907895 
575.8278256947337 726.0327161175616 
588.5533041194642 688.9502397926118 
587.4016516094242 761.2130939340913 
645.0936321208452 637.9223618049183 
686.7084121420742 878.7485795326988 
785.6353877866577 890.2240011318729 
748.0532033477766 910.3605623942012 
878.0064327256653 949.5943039554841 
858.4886380856082 951.6488818598176 
816.2080376292598 869.8339529684506 
853.139253212448 807.8038473140546 
877.6520785143434 671.2151279639262 
867.864993278888 883.158853138294 
881.7636758700639 908.0928410159349 
875.9712370848731 739.0254386405223 
867.6726067085826 849.7426804253867 
913.4494000609857 917.8620006711847 
910.3072119862497 934.8561923136999 
924.9653642343133 898.3692717763441 
942.4163000047618 647.6050882014165 
977.7866778330085 867.5699158976174 
896.9225862601954 903.5751456332126 
897.3786553722887 868.57840123228 
898.2732990598201 943.3143015839032 
912.5736263660378 805.219498153655 
820.3148965207263 955.9061019170226 
830.9984013036034 924.814708119546 
873.6608521861108 883.556021480821 
880.0017130411335 934.8561923136999 
868.1947905287441 919.6438675809793 
936.2186597515221 924.9686418140872 
902.0868883371646 906.1989275546575 
624.420957332796 897.981294191813 
699.615682285235 726.3433604591559 
602.2730113530271 874.0042514683294 
602.2730113530271 904.5923446755895 
641.6239624975476 913.2994121609568 
641.0826525849252 907.155716374664 
588.5533041194642 973.1008543038498 
594.9202189702635 961.7332629229775 
593.546973070514 931.467513796513 
594.9202189702635 936.6412077166319 
588.5533041194642 914.5060941879948 
648.9039016020859 954.8679608608069 
700.4192314519125 950.7141713355908 
687.4842433043198 931.467513796513 
734.2000323727268 846.6625799054043 
758.3046940431648 950.7141713355908 
759.5327233439529 828.8753511315512 
742.9380988130234 930.420203004942 
743.851025858059 895.9304987334874 
724.9266928610956 864.4349551349495 
696.476427875794 873.0216703857125 
729.5735456294432 950.5393239005056 
717.6864778226402 954.8679608608069 
686.7440371113216 874.668482905857 
676.2814145588949 873.3012053907596 
657.8146060710119 897.3155441050458 
699.7897296319585 882.206180703216 
666.7759074486296 914.8336605655928 
662.9375488661775 838.4260557436352 
726.8874037423899 941.9418910513916 
708.1137459427895 893.2006194136507 
732.976498755673 811.3917161851967 
734.8360998698911 848.1358404789047 
753.199194682543 667.5665886364254 
765.4585662865726 839.7427860589451 
778.670422830959 892.2294939725599 
758.4104458581336 780.381589035523 
727.7558214945707 918.7714633330957 
669.1415429593549 934.4624220423034 
649.9973665041318 924.2868372201914 
677.3865007157459 933.0976814015908 
657.8146060710119 946.5471588349507 
669.5488362258293 908.0360119510403 
644.4379096208428 918.7714633330957 
641.7098245373735 934.4624220423034 
629.0833718947453 934.4624220423034 
612.2791092402438 933.5380047352824 
661.9552497370689 896.6722369911258 
691.6775526829216 901.3359203762147 
648.9039016020859 885.8757855008602 
678.4559782102573 635.2603638100736 
699.1252374020177 673.4245983684318 
689.8735715118211 828.6455270502829 
688.6298397051239 902.0135905601369 
658.3029867105453 825.8782251117944 
696.1076875009645 863.4365868642425 
674.2681435921122 960.8319425454338 
603.4307876644679 929.0291086492708 
628.5291983359249 922.640835008163 
634.6549783368575 907.1012649524223 
648.9039016020859 934.969040375148 
641.0826525849252 928.2788204073895 
623.4877212750418 949.9244325634975 
628.5291983359249 945.6632989712641 
588.5533041194642 902.0135905601369 
702.7868993450898 908.0360119510403 
649.9973665041318 897.4445672096581 
708.1098703219218 909.7755664892927 
747.3353161329815 915.8026266659061 
767.9172062396515 877.6899441831271 
723.8323727485247 912.14024149721 
696.048929062047 856.5692069851827 
625.043465887659 786.9876136165886 
700.3951985740566 915.0484226517768 
740.3396367316075 902.8671004048849 
700.7922680021819 708.7496593254457 
651.7486112951594 704.4254578407699 
754.5171479557505 619.7029580676276 
755.7434062739018 744.5002602623871 
683.0472578873283 864.4456155883292 
746.2344189364462 774.0788067622836 
750.9351312608916 833.9209648680219 
657.4375769710948 914.2315812742828 
661.6401973181421 923.7756803750401 
657.4375769710948 915.9808137622521 
679.3065323881791 867.213313592216 
767.6860144838312 764.3621214686583 
705.712325194594 951.6488818598176 
766.3096643553155 931.467513796513 
729.2304638179447 886.0324615047678 
732.7262472210416 863.9686808529143 
682.4095915860429 877.8123090069421 
753.5744352009943 900.0749975280534 
703.77973023024 855.1951043221403 
676.7509718300133 884.1356860708826 
726.3160994447113 834.6746874197677 
731.5231506821351 867.7595281091466 
720.1345725767486 888.1482212932383 
755.4691771159074 888.1165908952054 
819.9350614252679 902.8164113732169 
805.5249982009638 915.5196808262708 
779.3493601184756 951.5679692948167 
800.1478089477957 753.6301860874795 
705.2757781796874 842.3765124087129 
734.6216440673993 771.1719066451034 
756.0506435651959 808.9482471539604 
773.5044100850581 793.7998821331881 
766.4663195143354 887.7098017922193 
756.5156416274422 778.9560136438505 
792.2597039407772 900.1447631860885 
739.1543265240405 868.6179421049223 
765.3609448070525 895.6852129757273 
778.8118932735455 853.9507933831411 
747.9889134537206 882.5404069492561 
648.2843425647006 885.665808348841 
641.0826525849252 886.430783685229 
637.1559707152846 867.723974722031 
583.241497742031 874.859699722774 
575.8278256947337 870.0104025700507 
575.8278256947337 901.0581202391763 
575.8278256947337 882.5404069492561 
575.8278256947337 879.6733635710817 
575.8278256947337 876.9617681456472 
574.1403765338894 884.9436949735185 
594.7764260733427 879.9817337377427 
594.7764260733427 892.7540085196135 
648.9039016020859 914.5163256340655 
718.5174625006368 889.5141505790838 
796.01937018454 878.8183322447763 
805.6109524564027 844.9990745731366 
826.0535380669027 894.977207424992 
864.8933751922094 878.1176408540724 
856.0801443872028 932.3592352683863 
896.9653454878107 844.6033890646829 
881.9775776715625 894.2390201216755 
911.0393760418511 933.283583353457 
903.7669211255944 935.3005059599126 
919.4946821705378 914.4707238045008 
950.9586767358561 801.8127201813026 
927.5716927257636 998.3191048877693 
869.5541924193803 960.3114305968364 
834.5972651946254 933.24406931633 
830.8698610062085 856.4841526692205 
901.8381954959891 931.467513796513 
753.4586507903146 685.0394837292669 
821.7563204458046 688.9502397926118 
870.2603831227955 818.9402494674789 
867.3938036433256 799.1362641192653 
859.1529798699305 976.7607349312117 
753.8451716871913 924.814708119546 
729.2358532318211 913.5749212538618 
745.3378938071687 901.6105550060129 
812.2416675553418 886.4512687475863 
731.879461898256 913.5749212538618 
671.579589877023 875.0915613867768 
634.6549783368575 899.3159805124432 
581.1582887973024 913.5749212538618 
596.3536425622254 911.630147874645 
587.4016516094242 884.922517620489 
602.2730113530271 922.640835008163 
602.2730113530271 881.250474374845 
676.2814145588949 881.3221317907412 
677.2156227076935 870.8596541557309 
726.3983360553716 700.3378812174983 
750.2381700196471 819.938876402285 
746.6550488002408 794.165505459448 
792.7394422358349 838.8403279232248 
815.7286479284282 901.0581202391763 
792.675638988649 931.6982286981627 
810.2798810441537 874.6000748633022 
821.3890487001314 913.5749212538618 
828.3354561097912 901.0581202391763 
786.9963026784144 901.8666983725354 
750.7053750844789 930.7642472576227 
821.7070531651739 888.8408159588712 
794.7867588941493 843.9930836491185 
735.6681154381655 909.2243358166259 
677.3084549448818 899.1389930864029 
743.172057692838 872.5143433644035 
713.1048071076717 939.6946503042841 
641.0826525849252 933.478884893013 
588.7072179831438 943.0172022945237 
597.2468409829921 951.6488818598176 
594.9202189702635 958.7944781034128 
641.6239624975476 909.5060934172975 
602.2730113530271 922.640835008163 
602.2730113530271 915.5196808262708 
575.8278256947337 922.640835008163 
567.744920094674 928.1031569153984 
575.8278256947337 896.6722369911258 
575.8278256947337 902.0135905601369 
575.8278256947337 939.6946503042841 
575.8278256947337 901.8531772334275 
616.1821313867131 938.7433985266456 
623.4877212750418 922.640835008163 
588.5533041194642 922.640835008163 
642.6447112046129 916.4948046585333 
628.5291983359249 916.4948046585333 
634.6549783368575 934.4624220423034 
694.8732092685552 931.467513796513 
676.8525346787592 954.8679608608069 
759.3167635987128 951.6488818598176 
722.6149281386896 916.9374762464905 
686.7440371113216 872.4645439277161 
757.2979943684585 804.9932909886381 
754.888120297715 667.2717302732715 
794.456115181297 742.9937037760533 
